$SPEC_REM:
PSpect
ID: 
\\VBOXSVR\oliverb\Desktop\3alum152eu.spe
$DATE_MEA:
09/10/2020 15:45:15
$MEAS_TIM:
950537 950937
$DATA:
0 4095
0
0
0
0
0
0
0
0
0
0
0
0
0
0
0
0
0
0
1
0
0
1
2
16
85
456
1585
4407
9605
17881
28474
40672
52608
65748
76103
88377
97999
109180
120895
130890
143671
156320
170534
184428
176968
130552
167914
223436
287599
332756
337232
316172
294063
276721
264983
256296
250627
242072
234233
225653
211597
202407
188094
174342
160304
149925
137465
129221
121268
116486
112479
107070
106035
104171
104392
103168
103428
105105
105137
106916
106608
109325
110337
111951
112288
114914
115386
116928
118912
120106
121047
121977
122448
125212
125834
126293
127246
130850
129894
132401
131633
131741
135361
136123
135837
137780
137963
139138
138646
140263
141146
143320
142587
144405
143690
145465
143529
146026
146416
145402
146344
147266
148186
147863
146864
149689
149188
148713
149900
152419
151679
152436
150984
152009
155516
154724
154908
155649
155247
155139
155571
156215
158033
158395
157274
161574
160388
164708
164286
169256
172761
177162
183504
189598
197411
208326
217319
232115
244005
255182
265345
274677
276974
278751
272728
263972
252945
235347
216687
195753
176431
155707
136584
122621
110035
99420
90201
83872
79180
76156
72379
71301
69669
69424
68732
68175
67096
66866
66417
66314
65953
65939
66297
65580
64856
65193
64787
64426
65106
63935
64258
63704
63602
63393
62012
62542
61832
61970
61104
60629
60327
60132
58940
58881
58710
58538
57633
56796
56923
56886
55475
55492
55694
54897
53776
54465
54089
53270
52285
52695
51954
52078
51782
51114
51574
50321
50025
49595
49817
49254
49125
48774
48308
48355
47524
47855
47736
47212
47387
46562
46384
46269
45527
45337
46088
45580
44566
44746
44445
44040
43895
44320
43223
43473
43487
43418
42671
42464
41996
42149
41932
41602
41179
41492
41111
40745
40100
40815
40696
39839
39997
40069
39927
39488
39511
39218
39466
38544
38553
38820
38184
38493
37516
37862
37803
37299
37839
37044
37157
37618
36419
36630
36485
36452
36178
36666
36390
36283
35575
36440
36173
35980
36135
35768
36565
36396
36950
37674
38634
39141
40676
42187
43223
45864
46859
48789
50410
51142
52226
51222
50959
49695
47011
45057
42707
39900
37650
34852
33061
31066
28945
27860
26578
25627
25005
23987
23801
23493
22378
22874
22569
22155
21841
22292
21826
21870
21449
21464
21697
21303
21321
21312
21516
21319
21150
20972
20725
20915
21213
20808
20754
20653
20325
20705
20463
20523
20454
20231
19855
19813
19642
19936
20091
19785
19796
19697
19618
19867
19704
20109
20051
20145
20456
20482
20263
20586
20432
20312
20538
20432
20170
20192
20339
20209
19985
19931
19855
19771
19507
19164
19594
19394
19254
19361
19456
19189
19381
19731
19527
19529
19486
19709
19956
19664
19904
20081
20460
20622
20234
21064
21292
21236
21705
21651
22024
21914
21797
21880
22231
21786
22113
21664
21772
21667
21384
21336
21427
21721
22004
23369
24223
25659
27619
30133
33137
36010
39694
43664
46706
50175
52298
54920
56317
56355
54782
53311
50820
47309
43941
39697
35718
31672
28494
25286
22434
20050
17880
16443
15498
14202
13465
12954
12454
11935
11566
11535
11435
11332
11194
11210
11348
11079
10975
11115
11208
11009
11065
10770
10935
10617
10206
10286
10233
10072
10034
9860
9625
9614
9496
9561
9612
9576
9580
9463
9593
9528
9412
9248
9287
9461
9510
9397
9269
9130
9140
9204
9120
8886
8793
9059
9031
8973
8990
8880
8782
8858
8805
8957
8887
9025
9059
8976
9285
9321
9487
9512
9743
10046
10337
10606
10652
10894
10924
10800
10548
10542
10353
10052
10134
9722
9550
9210
9192
9030
8835
8571
8346
8133
8415
8206
8148
7992
8099
7874
7941
7838
7729
7869
7755
7693
7628
7828
7893
7923
8034
8148
8320
8535
8639
8840
9033
9374
9416
9805
9939
10109
9936
9804
9802
9783
9570
9490
9196
8559
8527
8264
8141
7835
7806
7368
7297
7383
6985
7027
7108
7143
6806
7046
6719
7067
6912
6777
6830
6762
6786
6713
6760
6722
6676
6808
6679
6742
6690
6634
6620
6681
6434
6574
6516
6566
6560
6515
6578
6611
6578
6395
6526
6698
6637
6556
6619
6628
6619
6592
6643
6910
6780
6664
6813
6774
6663
6531
6683
6577
6367
6524
6490
6434
6358
6328
6368
6277
6396
6283
6355
6272
6271
6265
6146
6512
6573
6304
6353
6433
6240
6342
6303
6284
6339
6269
6281
6238
6210
6200
6201
5973
6161
6044
5858
6128
6022
5958
5947
5940
5945
5932
5915
6136
5782
5887
5900
6079
6084
5919
5899
5853
5722
5860
5661
6026
5834
5746
5874
5915
5787
5805
5720
5798
5760
5781
5758
5983
5690
5580
5844
5755
5732
5613
5655
5680
5751
5744
5785
5771
5794
5746
5697
5763
5788
5778
5852
5779
5631
5884
5731
5874
5772
5891
5906
5968
5844
5814
5694
5877
5711
5814
5567
5632
5660
5556
5632
5636
5556
5668
5684
5592
5700
5524
5693
5634
5616
5769
5555
5526
5633
5623
5704
5554
5470
5299
5450
5348
5382
5265
5225
5309
5176
4987
4995
4934
4807
4934
4929
4906
4864
4852
4955
4867
4780
4956
4803
5147
4769
5032
4927
4949
4982
5058
5011
4945
4876
4969
4880
4857
4912
4891
4607
4769
4681
4686
4813
4770
4661
4634
4568
4574
4647
4531
4547
4551
4534
4514
4764
4520
4499
4472
4546
4581
4428
4478
4549
4477
4510
4522
4485
4499
4453
4514
4434
4456
4437
4569
4473
4444
4435
4552
4454
4443
4516
4465
4410
4410
4620
4500
4459
4555
4595
4477
4517
4544
4443
4499
4364
4515
4440
4471
4469
4454
4447
4540
4387
4436
4360
4448
4421
4415
4291
4417
4367
4425
4440
4489
4500
4490
4476
4462
4505
4514
4509
4557
4694
4554
4568
4465
4558
4638
4652
4515
4623
4584
4587
4565
4569
4542
4568
4557
4401
4531
4558
4455
4578
4467
4393
4389
4498
4360
4359
4225
4186
4294
4285
4257
4200
4316
4257
4192
4105
4226
4248
4183
4199
4213
4172
4245
4304
4243
4270
4470
4276
4237
4324
4275
4336
4315
4299
4391
4338
4354
4411
4426
4400
4308
4396
4405
4402
4287
4308
4337
4297
4332
4262
4335
4371
4287
4410
4166
4196
4338
4284
4321
4323
4207
4176
4248
4256
4190
4164
4222
4259
4245
4170
4154
4096
4238
4091
4267
4036
4049
4056
3986
4040
4033
4017
4102
4016
4024
3871
3902
4047
3970
4020
3990
3993
3994
4101
4053
4137
4173
4055
4179
4339
4476
4467
4709
4905
4971
5064
5500
5725
6020
6155
6639
6916
6929
6929
7038
7243
7117
6801
6731
6411
6205
5835
5661
5216
5063
4799
4529
4490
4306
4055
3963
3854
3768
3706
3740
3557
3493
3353
3314
3460
3312
3408
3405
3309
3341
3278
3286
3282
3270
3201
3220
3321
3300
3122
3321
3241
3272
3227
3152
3180
3086
3141
3166
3148
3184
3059
3252
3109
3099
3038
3045
3101
3009
3108
3045
3057
3038
2982
3044
3030
3107
3013
2940
3053
3129
3053
2999
3075
3047
3109
3017
3024
3118
3045
3064
2903
3014
3049
2995
3015
3044
3062
3038
2979
2983
3000
2914
2979
3030
2895
2959
3046
2862
3108
3041
2991
3107
2999
3072
3129
3151
3341
3189
3308
3472
3488
3559
3589
3525
3658
3759
3759
3925
3760
3852
3659
3688
3633
3729
3543
3540
3328
3358
3236
3156
3126
3109
2964
2965
2892
2808
2789
2762
2711
2745
2596
2655
2690
2677
2626
2601
2562
2584
2631
2593
2508
2593
2463
2556
2574
2550
2577
2500
2582
2519
2509
2512
2454
2512
2456
2495
2451
2468
2463
2511
2418
2482
2549
2455
2466
2379
2416
2406
2485
2354
2407
2409
2402
2395
2417
2339
2382
2331
2373
2387
2246
2166
2234
2226
2232
2225
2274
2181
2162
2222
2213
1995
2193
2235
2108
2137
2106
2071
2100
2217
2081
2064
2136
2025
2041
2071
2016
2071
2197
2085
2062
2041
2153
2061
2185
2236
2233
2237
2168
2282
2344
2295
2498
2599
2664
2775
2909
2998
3207
3486
3635
3750
4063
4180
4371
4565
4521
4454
4452
4419
4345
4390
3994
3929
3693
3432
3392
3124
2912
2704
2622
2583
2395
2309
2308
2185
2130
2064
2036
1988
1939
1911
1846
1807
1879
1789
1751
1707
1731
1841
1786
1785
1773
1691
1738
1704
1745
1622
1709
1674
1720
1730
1744
1728
1675
1729
1678
1743
1700
1773
1760
1671
1734
1757
1723
1739
1776
1724
1795
1711
1715
1701
1739
1601
1703
1666
1693
1673
1617
1602
1647
1588
1672
1573
1677
1672
1585
1623
1700
1696
1653
1664
1730
1597
1657
1702
1656
1655
1595
1614
1680
1579
1649
1660
1694
1705
1720
1586
1686
1721
1672
1611
1645
1628
1684
1648
1693
1666
1661
1651
1599
1668
1699
1619
1747
1686
1622
1708
1686
1711
1708
1683
1595
1677
1771
1676
1671
1721
1695
1707
1705
1716
1680
1699
1775
1679
1759
1753
1773
1793
1884
1778
1868
1881
1881
1962
2114
1998
2114
2286
2320
2487
2634
2692
2844
2872
2952
3102
3172
3202
3220
3149
3165
3245
3157
2934
2902
2793
2573
2607
2545
2464
2398
2380
2215
2120
2054
2094
2063
2065
2013
2241
2225
2296
2320
2419
2565
2686
2661
2851
3104
3152
3237
3274
3347
3247
3311
3163
3096
2994
2925
2820
2574
2493
2324
2327
2118
2032
1898
1859
1774
1668
1667
1597
1614
1508
1438
1467
1505
1330
1297
1289
1309
1292
1259
1215
1201
1150
1207
1277
1291
1260
1158
1183
1214
1175
1158
1162
1238
1140
1140
1163
1122
1169
1101
1159
1120
1131
1157
1138
1118
1131
1120
1136
1151
1138
1099
1139
1119
1049
1091
1154
1166
1143
1137
1162
1174
1174
1170
1174
1308
1204
1234
1257
1249
1253
1195
1221
1294
1222
1254
1170
1195
1195
1165
1116
1088
1092
1079
1103
989
1001
1059
969
890
946
930
930
868
858
862
905
779
796
855
807
787
753
764
768
748
732
695
719
715
674
730
719
670
666
749
718
718
746
720
734
748
707
726
759
742
730
703
772
705
671
659
694
645
645
583
607
549
608
591
562
555
553
535
540
517
563
549
544
486
523
499
501
494
511
518
491
501
506
462
500
501
469
489
489
504
471
504
461
511
467
440
427
450
491
437
478
442
463
450
412
425
449
366
388
435
394
411
433
432
419
416
395
400
406
384
404
365
402
425
360
371
375
438
382
408
365
408
396
401
402
411
405
384
376
363
407
385
380
393
379
406
394
393
396
395
400
450
470
432
437
465
461
457
501
510
488
546
514
554
533
553
525
527
484
476
479
487
422
462
452
406
420
417
415
374
407
399
370
387
376
393
396
370
366
413
431
417
392
407
434
421
441
448
477
515
475
514
510
531
602
548
542
557
492
534
548
542
500
535
487
501
494
452
439
463
423
414
427
411
416
384
396
413
429
373
405
386
395
345
331
358
365
357
401
358
371
378
359
347
347
345
376
363
367
358
349
369
378
349
329
358
351
323
357
378
381
347
387
388
384
401
369
396
392
379
396
414
439
382
428
416
408
440
431
436
447
489
439
451
486
528
507
543
579
558
654
674
679
818
890
931
1032
1137
1219
1372
1359
1554
1652
1787
1874
1943
2015
2136
2032
2111
1914
1928
1868
1784
1578
1507
1404
1286
1199
1201
1028
957
869
794
737
664
603
621
531
509
434
404
406
379
376
354
324
366
298
292
270
251
292
262
256
272
237
266
239
253
234
232
248
218
225
226
202
216
208
225
227
247
247
279
254
244
293
299
321
329
357
367
372
412
407
418
409
384
417
398
395
410
389
323
334
324
310
275
252
232
251
208
213
233
170
165
165
172
170
136
149
161
155
138
149
115
138
115
112
122
132
121
112
118
119
119
125
120
123
104
108
94
108
109
127
104
99
110
119
90
118
105
125
105
120
86
97
93
106
98
91
109
103
103
78
82
90
114
110
84
98
83
89
94
87
83
97
83
87
94
102
92
108
98
94
87
103
97
109
104
103
113
100
84
77
97
108
75
80
70
88
64
82
72
95
58
68
74
78
78
69
74
89
65
58
71
67
83
68
64
60
63
71
57
74
74
74
62
61
64
56
52
75
59
50
69
67
65
72
75
71
78
75
53
63
70
72
75
73
72
93
63
66
103
74
70
91
84
99
84
94
107
93
107
120
112
125
113
159
127
117
123
148
142
142
163
135
135
160
121
123
114
118
109
99
97
118
88
100
79
81
92
76
67
72
75
78
72
72
82
74
87
61
73
61
74
63
58
61
78
62
55
71
58
64
51
61
67
69
73
62
55
82
54
47
52
53
63
62
59
64
55
47
57
54
43
58
59
54
41
57
51
60
45
51
59
64
61
54
64
61
51
58
53
68
60
51
56
63
50
57
61
54
58
48
40
39
48
56
43
52
47
57
55
57
52
56
54
54
46
56
53
44
43
51
53
50
61
53
48
42
46
53
38
51
35
49
51
52
56
52
49
61
38
39
54
47
62
49
62
38
53
46
44
41
46
42
49
38
54
47
41
65
45
43
45
47
45
45
53
44
37
39
48
40
43
42
42
51
46
44
50
35
41
45
53
39
64
39
47
41
58
51
53
46
46
40
61
53
61
58
41
36
41
59
52
57
48
47
45
52
33
42
61
43
50
45
50
44
45
44
45
51
61
47
49
56
63
68
49
46
59
60
63
48
65
66
52
75
49
71
56
58
63
63
71
66
75
55
47
65
59
57
44
51
43
48
59
39
53
41
50
41
48
49
37
37
49
40
49
44
48
43
41
25
45
44
42
35
48
34
36
40
47
42
44
39
33
41
49
42
26
56
56
45
46
41
49
38
35
45
37
33
43
39
39
39
43
31
36
32
46
39
33
45
44
29
43
36
47
42
33
42
39
32
42
37
48
35
34
41
38
34
52
35
50
30
41
34
41
34
37
47
41
49
39
33
41
46
39
44
46
53
44
42
49
28
27
23
47
41
39
39
37
44
33
42
49
42
38
34
25
38
37
32
40
45
39
29
26
37
47
46
34
39
34
40
35
43
38
31
38
32
42
38
42
40
43
23
30
41
51
40
40
49
43
40
30
33
45
28
40
40
34
42
42
32
30
32
40
43
37
29
29
29
37
34
30
29
33
46
36
37
31
34
30
32
42
30
25
36
32
31
29
17
34
34
35
34
35
30
42
34
41
37
37
47
34
35
35
35
30
34
38
28
37
40
34
29
30
36
42
25
43
34
32
34
36
26
34
35
36
41
35
35
31
33
29
43
32
29
43
44
33
30
34
32
29
37
28
29
38
34
38
39
29
31
31
29
31
34
42
43
46
33
28
34
34
44
35
37
26
39
34
36
24
32
31
27
46
33
34
41
37
22
28
29
35
31
40
34
21
26
29
27
28
29
34
51
29
30
32
35
29
30
24
28
24
32
27
29
32
32
30
51
33
23
31
28
36
28
28
26
42
40
32
30
32
27
31
28
34
32
37
30
37
27
33
35
29
30
33
22
28
26
43
30
42
34
32
41
35
39
24
33
24
40
31
21
22
35
33
26
37
29
41
34
27
30
21
40
27
34
27
28
30
33
37
23
24
29
33
23
36
34
31
33
41
31
29
38
37
28
27
32
28
39
31
29
43
23
28
42
32
25
27
33
32
28
40
37
32
33
39
34
35
25
50
40
43
37
44
47
36
26
32
45
25
44
37
40
45
41
37
46
34
43
37
45
48
45
41
40
50
44
23
39
30
43
37
41
35
40
38
32
26
43
35
41
33
30
18
27
30
19
24
37
27
22
22
36
35
37
34
25
42
29
30
42
31
28
26
23
26
34
25
28
27
30
25
20
23
30
41
28
36
20
33
30
37
27
25
25
21
31
28
29
29
35
24
29
25
33
30
22
25
39
26
35
35
31
33
32
31
25
24
24
18
34
28
28
31
14
27
23
27
30
38
22
29
37
27
29
28
24
30
30
27
23
37
25
26
25
27
28
20
25
33
27
42
26
30
33
31
31
31
34
39
24
33
25
30
33
35
24
30
35
39
30
35
20
26
36
31
25
25
25
30
35
34
28
32
26
27
30
24
27
33
25
31
23
26
31
24
28
19
30
22
29
36
28
27
31
31
29
26
19
36
22
26
31
24
18
30
30
22
22
29
25
20
34
25
29
26
33
25
27
23
32
26
30
30
25
26
25
34
24
32
24
29
35
34
24
25
23
28
24
25
25
24
21
28
21
32
27
26
23
36
23
23
19
32
35
29
28
29
27
23
33
27
26
30
20
28
22
27
28
34
23
26
26
24
28
22
24
31
31
25
23
17
26
28
36
25
27
21
25
31
24
32
31
24
23
22
28
21
33
22
26
26
21
19
16
23
23
23
28
25
31
21
27
30
32
17
20
25
20
33
21
28
20
20
30
22
23
29
26
28
17
27
21
32
27
23
25
23
25
32
20
33
31
30
26
24
28
21
24
24
20
23
21
22
19
29
27
39
20
21
27
29
21
30
21
18
19
17
30
22
18
21
19
28
15
17
19
26
24
24
19
17
21
18
22
24
19
23
17
20
17
20
20
20
18
10
13
17
11
14
15
15
21
14
12
14
15
14
10
9
8
13
15
20
10
7
11
18
10
12
18
11
14
6
15
11
14
7
11
16
12
14
13
26
14
11
15
10
11
14
15
13
12
11
14
14
10
9
10
10
7
17
11
5
8
11
9
6
11
16
17
12
14
10
13
9
8
16
11
20
8
16
10
10
14
14
15
9
15
13
10
14
10
7
9
5
4
10
9
10
14
2
12
5
13
6
6
16
11
11
5
6
8
10
8
11
13
9
15
6
14
6
11
7
6
9
3
7
9
14
13
10
10
10
6
12
14
14
5
10
17
7
10
13
4
8
8
7
10
6
11
9
9
12
5
5
11
14
7
12
4
6
10
7
8
8
10
9
6
11
11
9
8
7
6
11
11
14
12
7
7
5
10
9
8
9
8
4
8
10
7
6
11
6
8
7
6
6
12
14
7
8
6
6
10
7
11
8
13
7
14
8
4
5
12
9
5
7
13
12
4
5
8
6
9
13
14
15
12
10
11
10
14
10
17
10
9
12
9
11
12
14
9
11
17
5
7
9
13
11
12
16
9
8
5
10
11
15
8
15
8
9
14
11
7
15
12
14
10
11
16
11
11
10
10
13
15
17
12
21
23
13
28
33
25
36
30
29
37
36
33
37
38
38
39
39
38
45
41
37
37
35
45
27
34
21
41
26
21
20
30
16
15
15
9
14
10
19
10
13
8
17
21
13
7
7
12
7
4
7
9
6
14
14
11
8
6
11
7
8
6
9
4
7
6
3
6
12
6
7
9
2
5
12
8
8
5
5
5
3
5
6
5
6
6
9
6
5
3
5
10
6
6
2
4
10
5
8
4
3
7
3
4
6
4
3
6
4
4
6
7
7
8
7
4
6
3
3
5
5
5
2
1
6
2
1
9
3
2
5
6
6
7
7
4
3
5
7
5
3
4
9
2
6
6
3
3
2
5
7
7
5
4
7
5
6
4
5
4
6
3
7
3
13
3
2
4
5
4
7
5
9
3
8
6
3
5
3
7
5
6
1
7
6
4
5
4
8
2
6
1
4
5
3
2
3
3
4
7
3
9
4
2
4
5
5
6
5
3
6
6
2
3
4
2
6
3
3
1
6
6
6
8
3
4
3
1
2
4
3
7
0
5
4
1
8
4
7
3
3
2
4
8
5
4
1
5
5
3
3
4
4
5
1
3
5
1
2
5
7
2
5
5
1
2
5
1
8
4
4
2
5
5
3
5
4
5
7
3
4
5
5
6
0
4
3
6
6
7
3
1
3
5
6
2
6
4
6
4
5
1
3
9
3
3
3
3
6
8
5
2
2
4
7
2
7
3
2
7
5
4
3
3
5
3
5
4
7
3
4
2
4
1
3
1
4
9
4
0
2
2
2
3
5
6
4
3
5
1
3
2
2
6
3
8
3
4
10
6
4
6
7
7
6
1
3
4
4
2
3
5
2
9
3
3
2
0
3
2
1
6
7
3
4
6
3
3
7
5
1
7
4
5
4
3
4
7
4
9
5
3
5
11
5
5
4
5
4
4
3
6
4
4
3
5
3
5
5
3
3
2
5
6
2
3
2
4
4
0
5
5
3
3
5
6
5
3
3
4
2
2
3
3
7
4
2
3
6
1
3
3
4
4
5
2
1
2
3
5
1
1
3
4
7
2
0
2
2
4
3
5
7
4
6
3
3
12
4
9
1
4
6
5
5
7
3
6
5
5
2
7
1
3
3
3
4
6
4
7
4
6
1
4
3
3
3
2
9
6
6
3
7
5
4
3
2
4
5
1
3
7
6
4
3
3
3
4
4
5
2
3
3
10
2
1
5
3
2
5
4
5
4
2
4
2
4
5
3
1
1
1
4
3
2
4
4
6
1
4
1
6
3
4
2
3
7
3
5
8
5
5
7
4
3
4
2
4
6
3
5
2
7
3
3
6
2
4
4
3
4
2
2
3
6
6
6
3
0
5
1
3
3
3
5
3
5
5
6
6
2
5
4
3
4
1
4
2
0
5
4
6
2
8
6
6
10
4
1
5
2
1
1
1
3
2
3
4
4
6
5
2
$ENER_FIT:
0 1
$ENER_DATA:
0
