$SPEC_REM:
PSpect
ID: 
\\VBOXSVR\oliverb\Desktop\152Eu2LayersCopper.spe
$DATE_MEA:
08/31/2020 15:40:58
$MEAS_TIM:
259431 259496
$DATA:
0 4095
0
0
0
0
0
0
0
0
0
0
0
0
0
0
0
0
0
0
0
0
0
0
2
3
18
67
251
654
1310
2492
3776
5483
6827
8351
9444
10739
11688
12693
13602
14422
15238
16057
17059
17413
15135
11049
14117
18292
22807
25218
23596
20787
18494
17076
16363
16073
16102
16031
15766
16382
15978
16566
16699
16711
16482
16560
16744
16699
16635
16501
16613
16837
16783
16811
17063
17260
16919
17449
17390
17796
17540
18012
18204
18370
18351
18911
18943
19103
18975
19511
19694
19412
19733
19995
20100
19947
20139
20761
20483
20603
20782
20728
21115
21133
20918
20629
21173
21105
20847
20948
21173
21181
21007
21387
21268
21407
21393
21432
21498
21587
21575
21512
21472
21391
21349
21432
21585
21400
21175
21409
21424
21428
21099
21152
21635
21494
21078
21020
21435
21001
21114
21194
20699
20846
20683
21023
20991
20614
20617
20927
20830
20908
20628
21140
20909
21096
21283
21829
21651
21954
22426
22770
22641
22539
21899
21793
21416
21023
20561
19927
19421
18945
18264
18282
17916
17567
17456
17189
17258
17115
16607
16953
16829
16655
16516
16522
16553
16404
16436
16342
16317
16028
16093
16101
16034
16056
15914
15778
15568
15605
15810
15726
15572
15557
15099
15099
14983
15111
14846
14887
14856
14883
14088
14392
14487
14246
14487
14091
14056
14000
13551
13518
13626
13591
13310
13586
13426
13155
13342
13260
12833
12903
13001
12678
12867
12547
12647
12502
12336
12369
12463
12211
12357
12114
11845
11947
12092
12088
11904
11703
11688
11451
11515
11517
11376
11609
11169
11107
11209
10895
10999
11008
11096
10844
10706
10830
10748
10679
10681
10580
10493
10544
10348
10324
10186
10057
10095
10137
9958
10119
10046
9850
9884
9728
9710
9689
9634
9661
9545
9404
9418
9472
9123
9091
9144
9067
9063
9073
9051
8925
9032
8776
8890
8830
8579
8789
8486
8630
8316
8629
8588
8619
8515
8629
8582
8653
8616
8616
8678
8750
9110
8799
9109
9210
9433
9500
9753
9653
9842
9613
9384
9074
8876
8483
8406
7880
7561
7242
6846
6781
6493
6257
6067
6263
6027
5984
5911
5848
5780
5743
5692
5665
5563
5630
5685
5486
5455
5379
5471
5444
5435
5534
5362
5405
5384
5288
5452
5280
5480
5248
5205
5213
5088
5218
5048
5225
5054
5037
5124
4995
4847
4845
4844
4986
4842
4816
4857
4937
4913
4840
4924
4796
4887
4941
4885
5028
4832
4927
4838
4818
4890
4749
4722
4781
4765
4700
4693
4732
4563
4512
4534
4555
4493
4451
4532
4549
4600
4581
4586
4422
4465
4389
4535
4425
4488
4509
4364
4494
4488
4636
4495
4489
4400
4616
4551
4506
4559
4701
4693
4603
4605
4714
4709
4669
4545
4691
4784
4682
4703
4774
4774
5041
5234
5587
5787
6368
6715
7124
7850
8185
8519
8953
8955
9136
8733
8455
8069
7421
6951
6383
5719
5165
4809
4318
3945
3666
3567
3318
3062
3057
2960
2878
2800
2699
2706
2658
2724
2673
2671
2592
2557
2649
2612
2587
2621
2585
2589
2504
2470
2524
2401
2435
2428
2420
2360
2432
2221
2385
2343
2326
2344
2255
2286
2301
2269
2261
2209
2366
2254
2294
2246
2321
2267
2280
2227
2212
2212
2208
2129
2176
2233
2208
2065
2132
2130
2114
2104
2101
2164
2102
2115
2110
2207
2273
2154
2244
2262
2249
2272
2255
2390
2334
2420
2376
2360
2308
2226
2261
2173
2224
2176
2126
2022
2049
2005
1974
2011
2044
2041
1923
1941
1922
1864
1896
1933
1980
1920
1796
1784
1881
1843
1892
1903
1879
1829
1902
1903
1864
1899
2021
2023
2056
2130
2213
2159
2156
2194
2173
2133
2178
2068
2102
1944
1981
1884
1850
1795
1758
1830
1709
1732
1709
1707
1606
1720
1695
1712
1689
1609
1670
1629
1639
1585
1697
1596
1661
1572
1654
1617
1578
1640
1570
1575
1534
1531
1507
1522
1564
1683
1516
1598
1566
1465
1516
1540
1553
1536
1567
1540
1545
1590
1551
1532
1582
1506
1566
1538
1535
1613
1548
1507
1474
1518
1476
1468
1449
1480
1469
1503
1517
1495
1412
1438
1431
1483
1531
1533
1447
1479
1495
1458
1475
1437
1518
1529
1541
1465
1474
1509
1540
1449
1430
1424
1502
1466
1380
1451
1401
1346
1395
1334
1420
1334
1371
1370
1381
1334
1340
1386
1415
1347
1401
1351
1320
1324
1394
1338
1407
1260
1363
1340
1321
1371
1374
1348
1372
1293
1342
1353
1328
1354
1286
1396
1264
1308
1275
1311
1285
1329
1336
1335
1297
1228
1307
1339
1348
1342
1265
1343
1331
1313
1285
1295
1311
1339
1370
1276
1324
1339
1269
1337
1283
1280
1312
1265
1333
1233
1284
1253
1239
1221
1241
1296
1270
1290
1286
1344
1322
1223
1262
1282
1306
1312
1223
1331
1276
1251
1259
1195
1245
1281
1157
1220
1162
1158
1165
1107
1156
1161
1144
1095
1111
1176
1090
1096
1147
1050
1117
1058
1145
1101
1129
1120
1140
1145
1140
1157
1111
1119
1127
1110
1143
1139
1122
1115
1113
1132
1138
1106
1002
1026
1032
1084
1043
1004
1031
1004
991
1068
1057
972
993
1014
1002
983
962
1024
1072
983
1045
1060
1042
993
960
1004
970
1026
1062
1003
1005
959
951
1013
1029
958
1006
988
1037
1015
990
990
955
972
1015
1040
944
977
978
960
997
963
994
981
963
990
993
999
957
977
928
907
1024
909
957
952
941
1057
1028
938
1022
954
961
957
963
960
958
984
1030
1025
948
1028
989
975
1021
968
959
980
1001
1009
1046
963
926
987
957
979
983
989
992
983
1046
970
974
885
925
935
899
937
868
926
919
875
914
889
901
935
857
849
947
927
918
891
923
935
899
918
944
920
930
862
897
861
855
925
955
881
955
956
958
964
890
941
883
943
971
922
950
877
901
948
920
878
952
925
915
891
901
948
949
899
890
899
874
907
901
914
885
877
882
895
914
882
913
899
922
918
840
838
915
900
902
864
839
873
906
858
857
842
854
833
855
850
861
810
895
830
868
904
883
853
897
896
945
921
879
1009
1053
1031
1082
1184
1154
1196
1289
1342
1290
1338
1420
1388
1276
1355
1283
1215
1168
1110
1064
1026
959
958
857
854
805
819
754
756
736
737
735
729
739
720
688
750
654
646
718
751
704
662
650
699
669
733
683
675
633
673
678
698
702
717
681
661
727
666
701
627
698
629
699
646
618
627
616
628
654
634
681
703
600
650
646
662
604
636
680
682
699
635
623
647
621
639
686
585
651
622
660
679
661
667
632
633
663
626
682
608
675
669
648
681
623
602
641
657
599
587
662
627
624
661
642
659
657
673
704
667
713
674
762
752
798
742
813
801
760
783
772
821
739
748
764
765
728
680
712
684
660
630
633
627
572
625
566
559
574
579
624
564
578
545
596
571
536
575
555
557
548
545
522
557
536
532
541
547
515
556
556
537
526
508
528
564
551
524
508
559
528
515
517
520
522
542
549
520
506
505
532
537
517
492
553
531
476
504
549
527
484
506
502
504
513
515
524
498
492
456
472
460
468
483
442
449
468
467
489
472
467
471
446
447
512
445
447
464
442
468
469
452
441
452
466
481
436
473
493
468
453
468
477
465
541
552
542
608
633
683
707
711
768
777
815
889
952
880
936
895
880
866
838
802
757
717
706
625
655
538
567
529
496
528
484
418
448
390
420
434
389
388
401
375
400
371
359
385
368
407
348
377
337
360
344
360
378
374
348
360
368
368
373
389
392
392
396
377
348
375
385
368
373
398
385
368
366
347
325
357
351
365
356
319
370
383
329
337
349
365
340
346
352
363
329
323
356
329
351
367
341
326
326
358
338
339
354
347
362
351
354
329
350
355
375
341
341
337
380
361
353
352
350
346
380
377
384
309
369
332
359
320
349
371
349
384
322
375
347
334
365
379
394
372
336
369
361
381
385
357
349
355
367
358
366
354
375
362
400
377
406
408
383
369
423
409
430
396
430
454
470
522
505
508
535
559
544
641
631
638
653
682
669
664
594
649
579
556
519
531
505
554
522
444
474
386
428
475
429
414
462
404
423
402
432
472
482
493
532
538
599
599
611
650
661
637
669
597
661
626
609
576
582
536
504
480
464
417
405
367
358
335
346
331
342
300
306
329
301
281
279
283
242
265
266
274
282
255
255
241
238
253
269
249
271
250
261
254
258
207
249
231
231
242
253
242
249
239
266
240
239
241
221
248
221
251
235
245
245
260
230
260
230
216
270
272
243
236
252
279
292
302
287
253
287
262
271
331
267
256
277
268
253
253
253
253
246
215
231
201
222
208
226
218
225
222
226
191
206
213
200
177
173
171
164
188
170
173
193
159
156
157
171
156
164
149
143
162
130
151
165
170
169
153
149
165
163
149
193
175
132
159
178
148
156
125
161
170
142
141
140
122
130
118
133
142
114
127
120
118
134
124
116
105
117
104
110
114
114
116
92
114
100
99
100
106
114
112
106
119
99
117
109
110
95
107
98
108
104
106
106
92
90
85
97
99
98
94
81
84
92
93
77
98
106
75
96
94
89
91
72
98
97
96
88
88
86
92
103
108
111
74
80
96
84
82
99
79
80
85
92
86
91
80
96
79
96
99
84
100
89
86
97
86
90
126
86
111
108
113
110
120
118
128
108
114
118
104
95
112
125
93
103
114
89
92
113
101
104
99
95
89
109
84
93
76
87
100
72
88
95
84
98
115
102
90
104
108
113
106
107
105
111
122
136
127
125
143
145
145
126
119
142
115
125
126
118
135
106
128
107
112
94
105
103
105
74
108
78
86
83
75
92
82
78
73
77
91
86
94
82
75
86
89
89
80
75
73
84
76
86
80
76
98
73
85
71
78
86
97
80
76
94
65
95
87
89
76
76
93
82
75
102
77
83
90
94
103
88
92
97
93
93
109
95
92
121
123
103
137
137
111
108
126
155
161
179
201
188
232
229
290
290
310
371
363
383
392
427
408
430
380
456
397
364
370
350
322
244
247
229
216
216
165
143
135
133
152
90
99
90
97
78
78
75
79
49
63
70
77
62
60
58
70
44
63
68
47
45
56
47
56
52
61
61
45
50
47
46
53
49
57
50
66
52
56
47
73
50
77
72
101
84
91
90
94
95
113
105
94
107
110
85
104
100
83
81
81
70
85
73
71
63
46
38
54
39
33
39
36
45
41
37
31
31
28
26
32
39
22
29
39
37
26
24
24
29
26
23
24
24
25
22
27
31
26
24
20
22
24
22
16
26
23
26
22
19
26
22
29
28
36
25
35
26
22
31
22
16
20
26
22
21
20
24
28
28
24
28
25
17
22
22
20
37
28
33
29
23
20
28
21
21
23
24
27
22
24
14
20
20
22
18
13
11
18
27
20
13
12
26
18
21
27
25
21
11
14
26
16
13
9
14
14
18
19
18
20
18
14
8
24
12
16
22
19
15
19
9
23
15
10
12
13
13
18
22
21
20
17
22
23
22
9
21
22
20
24
21
27
17
13
26
20
26
26
22
31
29
44
42
41
29
44
41
46
39
31
34
51
50
41
24
35
30
31
24
30
30
27
21
26
21
17
19
14
30
12
24
20
19
14
18
23
19
21
17
18
19
8
17
24
21
21
22
14
20
13
16
14
13
17
16
16
17
13
12
21
14
15
12
10
24
17
7
15
12
18
17
17
20
15
4
14
13
14
8
16
18
8
13
19
11
16
13
13
13
10
12
11
10
15
16
18
16
14
16
16
14
7
19
13
14
12
10
18
19
13
18
15
11
12
14
15
6
10
13
10
13
12
13
10
7
12
12
15
13
18
15
12
10
14
8
10
17
11
10
6
11
17
12
11
15
11
16
10
12
18
12
10
9
9
18
16
11
14
16
9
8
8
17
7
9
9
6
12
7
14
11
17
10
14
9
12
13
12
6
10
10
9
18
18
8
8
14
9
14
14
21
15
13
10
12
17
11
15
11
8
16
13
15
19
7
12
12
19
12
11
13
12
15
4
16
8
10
18
14
10
11
13
8
10
11
8
14
16
22
13
13
18
21
9
14
14
17
19
23
19
17
18
16
16
15
14
13
12
12
12
14
12
10
14
12
17
12
17
12
14
14
13
15
14
7
8
12
13
10
15
9
13
11
13
11
8
14
7
15
8
10
10
8
9
15
15
14
14
10
9
10
7
7
10
5
12
12
7
8
10
13
20
10
8
9
10
10
3
16
10
9
10
10
21
10
11
11
9
13
11
5
11
9
12
11
13
7
7
11
8
10
10
8
8
10
7
11
11
13
13
12
10
5
7
11
15
16
16
9
11
10
16
15
16
8
8
6
11
6
13
15
9
8
13
9
9
6
7
11
13
13
6
8
11
12
12
6
12
12
12
15
4
10
12
11
12
9
13
8
10
8
4
5
14
19
11
9
11
9
12
12
6
7
12
9
18
9
13
11
10
8
9
11
15
12
13
10
11
15
11
15
11
8
12
17
9
9
6
12
8
9
15
13
7
7
8
5
11
5
10
10
12
8
6
15
7
9
9
12
8
13
9
4
8
6
6
7
6
15
10
8
11
5
9
10
11
8
13
8
8
7
7
12
9
6
11
15
6
9
6
8
6
6
7
10
7
7
7
11
3
10
4
5
4
9
14
11
9
8
9
11
10
12
5
11
10
10
10
10
10
6
8
11
10
8
6
11
11
10
11
6
8
8
9
7
8
9
12
14
8
7
0
13
9
13
6
11
3
7
10
5
15
9
7
9
8
3
11
3
6
8
9
8
7
12
12
9
11
7
16
7
14
6
9
9
10
18
7
8
9
9
11
10
7
10
8
7
11
9
6
4
9
10
8
5
5
10
8
12
5
14
8
16
8
6
4
11
9
6
7
16
8
5
4
9
7
9
9
6
11
12
8
6
4
6
9
9
9
6
13
9
10
10
10
9
5
12
10
3
6
10
9
13
10
10
7
6
11
5
17
9
5
11
8
11
7
8
7
11
7
3
9
8
14
7
4
12
7
13
10
8
10
6
9
13
8
6
9
6
13
10
18
11
15
9
11
3
7
10
9
10
10
8
11
13
10
13
7
9
10
12
11
8
10
9
6
16
10
15
5
10
10
8
8
11
9
8
5
11
8
8
10
6
8
10
12
6
5
7
9
12
5
9
12
11
10
5
6
6
6
7
7
8
6
7
2
12
11
12
12
10
11
9
6
9
11
6
4
8
7
8
7
7
17
10
5
6
11
11
11
9
6
10
7
11
8
5
4
7
6
3
11
8
8
12
6
11
9
5
9
5
6
7
15
10
7
8
10
7
9
11
10
4
12
9
5
8
6
7
6
4
11
4
7
6
7
11
6
6
12
13
17
7
8
4
9
6
8
12
7
8
5
4
8
5
11
5
10
7
4
7
15
7
10
8
9
11
10
7
5
10
6
5
10
4
6
9
9
8
7
7
10
4
6
6
8
8
7
8
5
5
9
5
9
7
14
8
5
6
8
9
7
3
9
7
10
4
9
4
7
8
5
11
4
7
6
7
9
10
10
3
2
7
7
9
8
6
6
9
5
1
8
4
10
8
8
7
3
12
6
9
4
5
9
5
8
7
7
7
8
7
9
7
9
3
9
3
3
7
5
3
7
11
6
8
7
5
12
8
5
7
8
7
13
5
8
6
13
7
7
7
5
6
4
7
8
4
5
9
12
8
5
7
3
10
6
9
5
6
7
3
8
4
9
3
7
6
3
7
6
12
4
8
8
10
4
9
8
4
7
5
8
6
3
10
10
7
10
9
8
5
5
7
5
8
13
5
11
4
4
5
8
10
4
1
5
5
5
9
6
12
6
7
6
6
10
7
7
5
5
8
2
5
8
7
12
5
5
8
6
10
6
5
6
4
9
4
4
5
3
2
4
2
4
7
7
4
4
2
7
5
6
3
3
2
9
5
4
2
2
4
3
4
5
4
4
3
4
2
1
1
3
1
1
2
5
8
5
4
3
4
2
1
4
4
7
8
3
2
1
3
5
2
6
5
4
1
0
0
3
5
2
4
4
3
5
2
2
2
4
3
4
3
7
1
3
4
3
5
3
8
0
5
5
4
3
3
2
0
1
6
3
2
0
1
3
4
6
4
2
6
1
7
3
2
1
4
4
4
0
1
2
3
1
3
1
3
2
3
4
3
2
1
3
4
3
1
1
2
7
1
1
2
2
3
5
1
1
1
2
3
2
1
2
3
2
0
5
1
3
4
0
1
1
3
2
3
2
5
3
1
0
3
1
3
2
2
4
1
1
2
2
0
1
1
2
0
4
4
4
2
2
2
3
0
4
2
2
2
0
2
2
5
1
0
3
2
4
4
2
4
2
2
4
3
0
2
0
4
3
3
0
4
1
3
7
1
5
3
2
2
2
3
2
2
1
2
0
1
1
1
6
0
3
6
4
3
2
2
1
2
1
3
3
6
4
9
3
5
3
3
2
1
2
2
1
3
2
6
7
3
4
3
2
7
5
2
2
4
4
2
3
1
4
1
2
5
3
4
4
6
2
4
6
9
8
8
8
7
5
8
17
11
13
9
12
12
12
12
9
9
7
13
11
5
11
6
6
11
12
6
6
8
5
6
2
1
6
5
0
8
2
4
3
3
2
3
4
2
2
2
2
0
4
3
2
1
1
3
2
1
1
0
2
3
2
0
2
4
1
1
3
2
3
2
4
1
1
1
2
4
3
2
0
2
1
1
2
0
1
1
0
2
0
1
0
1
0
4
2
1
0
3
0
1
0
2
1
5
0
1
0
0
3
0
2
3
3
1
3
1
0
3
1
2
2
3
0
0
1
0
0
2
0
0
2
0
1
1
1
1
3
0
4
3
1
1
0
3
2
0
1
1
1
2
1
0
3
0
1
1
0
2
1
2
1
2
3
0
1
1
1
2
2
0
0
0
1
2
1
1
1
1
1
1
3
1
2
1
1
1
0
0
6
1
2
1
1
3
0
0
2
2
0
2
1
0
0
1
0
0
1
2
0
1
1
0
1
0
1
4
3
1
0
1
0
1
0
1
0
2
1
0
1
1
0
0
0
0
0
0
0
0
1
1
1
1
2
0
1
0
1
0
1
0
4
0
1
2
2
2
0
1
2
1
1
1
1
0
1
1
1
1
2
0
1
2
1
0
0
1
2
0
3
1
1
2
1
2
2
0
1
0
1
4
2
2
1
1
2
1
2
2
3
0
2
1
1
0
0
1
1
1
2
1
2
0
0
0
2
0
2
1
0
1
5
0
1
1
1
3
0
1
2
2
5
0
1
4
0
1
1
0
1
1
0
1
3
2
1
2
2
1
2
3
2
1
1
0
0
3
2
0
2
2
1
2
0
0
0
0
1
0
0
0
1
1
2
2
1
2
1
0
1
1
1
3
0
2
0
0
1
1
1
1
0
1
0
1
1
3
0
1
0
1
1
1
2
2
1
0
0
0
2
1
2
1
0
3
1
0
1
2
2
4
0
1
1
0
0
0
0
0
0
2
0
2
1
0
0
2
1
2
1
1
1
1
0
1
1
0
1
2
2
0
1
2
1
1
0
1
1
1
0
2
1
1
1
0
1
2
1
0
0
0
3
0
0
0
2
1
1
0
2
0
0
1
1
1
4
1
1
0
1
2
1
1
0
0
1
2
0
1
0
0
2
0
1
1
1
1
0
1
2
1
2
0
4
0
1
1
1
1
3
1
2
2
2
4
1
1
0
2
0
1
1
0
1
0
2
0
2
1
0
3
2
1
3
0
1
0
0
0
2
1
0
1
0
0
1
2
3
0
1
1
2
1
4
0
1
2
0
1
1
1
1
1
2
0
0
2
1
1
1
0
3
2
0
1
2
0
3
1
4
0
0
0
1
1
2
2
0
1
2
4
1
0
0
2
1
1
0
0
2
2
2
2
1
1
0
0
2
2
0
0
0
1
3
3
3
1
0
0
1
0
2
1
2
1
2
0
2
1
$ENER_FIT:
0 1
$ENER_DATA:
0
