$SPEC_REM:
PSpect
ID: 
\\VBOXSVR\oliverb\Desktop\152EuNoAbsorbers.spe
$DATE_MEA:
08/24/2020 15:49:01
$MEAS_TIM:
258983 259134
$DATA:
0 4095
0
0
0
0
0
0
0
0
0
0
0
0
0
0
0
0
0
0
0
0
0
0
4
35
167
587
1841
4308
8291
13971
20418
27250
33541
40771
46969
53872
59749
67707
77366
85171
96862
109077
123954
137660
108595
120427
162636
220370
275669
304398
307710
296186
283479
270818
259103
247924
233327
215512
198780
179179
154415
136658
117672
100709
84629
72057
60040
51322
43786
38952
34955
31683
29933
28438
27920
27274
27278
27434
27627
27735
27961
28372
28676
29247
29231
30035
30028
30415
30965
31417
31975
32050
31962
32646
33219
33332
33380
34186
33988
34514
34718
35294
35478
36337
36391
36221
36964
37469
38154
38204
38431
38872
38908
39727
39423
39604
39499
40313
39948
39556
40277
40279
40328
39957
40095
40445
40502
40784
41357
41426
41263
42098
41361
41434
42334
42376
42077
41910
42170
41672
42224
42167
42801
42901
42854
43311
44044
45133
44857
47022
48301
50567
53324
57437
61837
67765
73405
81030
89373
96369
103713
109336
111997
112239
108871
104033
97480
87307
77342
66713
56840
47095
39473
33594
28789
25518
22606
21109
19802
19276
18693
18359
18199
18023
18049
17789
17499
17729
17473
17610
17267
17495
17455
17443
17512
17452
17245
17307
17260
17084
17185
17178
17144
16873
16675
16793
16792
16537
16278
16464
16082
16080
16005
15882
15579
15778
15393
15342
15163
15102
14820
14933
14658
14680
14522
14419
14352
14263
13828
14161
13835
13529
13666
13714
13429
13307
13240
13045
13198
13081
13114
12780
12805
12863
12635
12612
12629
12735
12327
12282
12457
12256
11908
11985
12303
12179
11866
12055
11920
11748
11587
11659
11608
11474
11481
11468
11180
11362
11087
11123
11076
10946
10999
10949
10887
11039
10667
10876
10674
10749
10768
10664
10527
10548
10456
10485
10472
10312
10389
10326
10107
10244
10044
10033
9968
9980
9872
9909
9883
9688
9710
9890
9686
9769
9684
9826
9494
9798
9866
9969
9733
9961
10046
10146
10257
10287
10508
10867
11266
11496
12273
12902
13825
14724
15210
16513
17023
17309
17822
17137
16547
16032
15017
13901
12791
11566
10567
9446
8738
7925
7516
7116
6634
6422
6150
5932
5968
5950
5874
5747
5693
5809
5778
5599
5663
5681
5546
5599
5535
5521
5692
5579
5493
5491
5484
5580
5504
5515
5518
5508
5454
5387
5360
5424
5369
5286
5296
5118
5148
5180
5123
5282
5143
5056
5229
5178
5113
5153
5284
5248
5189
5440
5317
5415
5459
5471
5475
5567
5540
5586
5408
5395
5378
5315
5275
5275
5233
5187
5194
5263
5238
5151
5076
5200
5113
5160
5149
5275
5259
5271
5407
5262
5457
5414
5529
5605
5506
5597
5680
5866
5999
5817
5996
5887
6302
6418
6319
6387
6505
6680
6766
6971
6796
7063
6888
6881
7125
7089
7028
7463
7769
8429
9035
10061
11395
12657
14510
16122
17883
19166
20436
21308
21727
21177
20360
19236
17529
15862
13816
12153
10405
8905
7642
6697
5727
4938
4457
4162
3936
3688
3518
3358
3350
3323
3195
3196
3149
3115
3237
3240
3251
3237
3057
3155
3261
3153
3214
3125
3082
2928
2976
2802
2868
2739
2777
2674
2612
2601
2535
2592
2613
2523
2622
2618
2557
2562
2637
2640
2669
2584
2582
2590
2556
2523
2535
2510
2578
2506
2504
2509
2440
2470
2567
2593
2533
2453
2447
2567
2466
2553
2454
2504
2629
2671
2742
2811
2944
2997
3247
3236
3176
3227
3222
3294
3179
3104
3137
2960
2865
2887
2687
2637
2563
2483
2376
2334
2345
2419
2273
2242
2203
2339
2208
2220
2229
2220
2130
2226
2142
2171
2154
2208
2216
2248
2325
2325
2415
2590
2497
2682
2788
2859
2863
3059
3112
3228
3241
3090
3105
2994
2941
2766
2699
2568
2306
2351
2250
2216
2076
2083
2034
2058
1876
1998
2027
1951
1851
1878
1888
1955
1851
1986
1865
1856
1971
1910
1922
1873
1917
1897
1909
1871
1845
1855
1861
1818
1848
1886
1839
1812
1933
1857
1798
1853
1814
1880
1954
1900
1841
1828
1903
1956
1814
1908
1941
1907
1893
1882
1969
1857
1917
1835
1884
1864
1848
1773
1733
1749
1842
1789
1846
1822
1773
1748
1839
1708
1833
1798
1764
1785
1823
1739
1801
1778
1798
1852
1765
1742
1793
1851
1779
1813
1699
1747
1684
1755
1751
1777
1745
1682
1660
1788
1755
1715
1647
1656
1745
1729
1678
1680
1674
1677
1675
1664
1641
1695
1684
1718
1682
1681
1681
1698
1681
1772
1642
1737
1671
1681
1611
1674
1646
1694
1608
1659
1646
1686
1602
1629
1640
1645
1604
1665
1686
1630
1652
1709
1682
1704
1656
1722
1728
1742
1719
1695
1783
1693
1730
1698
1766
1677
1709
1690
1719
1686
1663
1667
1659
1596
1573
1550
1600
1546
1602
1608
1570
1607
1613
1547
1663
1643
1561
1640
1637
1656
1635
1664
1703
1627
1557
1603
1522
1519
1641
1547
1485
1460
1425
1407
1354
1363
1331
1365
1343
1432
1361
1411
1457
1415
1440
1426
1423
1443
1424
1415
1450
1405
1377
1389
1421
1406
1400
1374
1485
1374
1383
1379
1337
1317
1295
1363
1371
1317
1306
1335
1288
1306
1248
1282
1335
1332
1311
1254
1414
1308
1253
1302
1201
1287
1314
1311
1226
1265
1282
1212
1244
1362
1326
1298
1311
1243
1316
1253
1378
1302
1281
1309
1298
1298
1274
1410
1247
1254
1308
1279
1302
1280
1336
1251
1279
1299
1318
1316
1322
1309
1307
1307
1298
1288
1272
1268
1295
1268
1234
1261
1298
1332
1394
1267
1248
1265
1286
1315
1339
1362
1333
1359
1381
1398
1392
1382
1370
1329
1333
1341
1310
1350
1297
1346
1346
1357
1369
1415
1355
1337
1294
1371
1327
1420
1279
1260
1274
1387
1282
1303
1222
1230
1291
1295
1266
1307
1198
1255
1245
1264
1245
1302
1282
1232
1261
1256
1333
1264
1192
1293
1195
1272
1303
1330
1246
1258
1259
1280
1332
1311
1179
1260
1305
1325
1325
1356
1297
1303
1286
1275
1252
1234
1226
1342
1239
1290
1240
1302
1262
1240
1262
1242
1246
1294
1176
1253
1252
1292
1338
1297
1261
1250
1218
1269
1269
1289
1331
1273
1319
1316
1276
1306
1282
1259
1280
1246
1284
1260
1253
1205
1192
1265
1258
1245
1201
1251
1233
1214
1192
1236
1284
1303
1279
1281
1236
1330
1269
1299
1335
1436
1566
1603
1568
1714
1927
2098
2076
2188
2325
2333
2420
2358
2407
2311
2283
2107
2008
1853
1813
1601
1532
1446
1423
1303
1239
1232
1104
1134
1052
1081
1056
1077
1011
1045
972
981
982
934
970
932
991
919
945
963
930
889
942
991
987
944
944
981
996
943
914
959
997
984
936
893
933
957
925
937
919
897
923
894
900
904
914
900
910
911
983
926
898
897
942
965
939
912
945
951
957
877
897
900
923
886
970
964
922
985
893
953
919
881
880
941
912
868
918
910
928
929
880
918
860
868
923
919
964
916
973
903
879
963
1016
1011
1047
1042
1098
1095
1137
1165
1252
1192
1205
1222
1144
1232
1194
1166
1076
1092
1119
1070
1031
912
954
960
848
912
901
903
815
796
796
831
834
754
822
790
790
828
823
764
785
790
806
784
705
770
728
749
751
774
732
799
704
725
714
740
719
704
741
745
736
752
726
744
744
730
717
756
763
755
756
717
719
707
703
718
681
685
716
752
711
717
745
713
735
687
724
705
734
702
698
678
691
706
734
664
678
666
668
629
678
684
651
654
682
606
641
670
669
596
606
630
612
598
678
631
611
652
656
649
628
613
704
690
686
719
768
787
818
947
893
972
1083
1078
1252
1275
1373
1435
1503
1512
1460
1580
1539
1602
1398
1409
1304
1239
1060
1037
958
937
843
776
735
726
708
681
618
633
623
577
551
508
538
551
551
542
526
529
492
520
509
475
505
515
515
472
511
471
451
523
513
503
485
470
534
509
513
557
536
537
505
573
518
495
517
527
511
536
509
539
526
475
523
500
500
472
489
496
465
513
471
456
532
546
513
442
438
507
482
479
516
470
478
471
514
519
487
497
482
517
500
503
541
553
507
535
516
517
450
512
539
529
490
550
493
543
513
549
509
495
487
539
537
520
500
508
529
517
503
541
522
547
522
521
507
507
526
495
522
519
493
599
555
560
518
573
541
564
545
521
561
554
604
582
602
585
596
672
628
697
679
734
763
822
868
950
880
1034
996
1050
1129
1064
1137
1033
1073
1072
998
1012
938
837
828
765
769
737
702
682
652
650
653
654
649
670
632
647
685
718
757
812
783
826
920
937
966
1075
1091
1139
1165
1056
1119
1030
1019
952
958
910
786
774
728
661
647
600
579
515
515
468
465
414
457
470
437
403
396
390
391
408
391
370
380
393
394
384
354
363
406
341
360
362
350
377
320
329
379
342
350
322
323
346
383
339
345
359
335
327
338
356
325
389
364
368
349
336
367
372
324
349
333
339
386
397
367
344
376
393
355
405
376
360
360
373
353
402
366
399
382
409
341
333
368
325
330
358
339
337
308
308
306
262
292
307
300
256
248
252
260
235
268
258
240
228
235
199
220
222
215
234
213
203
191
224
221
235
203
191
218
220
201
240
207
207
225
256
220
222
209
228
205
231
221
208
184
207
187
192
190
153
183
176
171
150
158
165
170
157
145
162
169
163
151
154
152
173
158
162
135
121
149
164
118
143
133
136
120
154
143
137
127
134
136
121
116
132
145
150
116
121
136
111
130
116
118
122
116
124
104
122
132
118
123
114
115
122
128
137
102
123
112
115
112
97
107
112
133
133
112
107
135
119
127
98
121
124
123
131
109
103
121
118
125
135
124
136
116
100
134
113
128
142
145
140
136
141
131
155
146
175
172
172
188
153
156
155
154
158
156
154
136
152
132
123
106
123
136
137
120
99
123
105
98
105
101
110
117
104
109
108
112
142
107
122
132
120
125
131
142
147
144
146
158
165
158
158
177
174
171
157
151
132
173
169
168
165
151
148
131
150
139
147
129
120
150
121
128
105
129
103
126
105
117
131
136
120
120
126
136
128
111
100
124
111
118
118
118
127
121
119
117
124
122
113
100
135
92
112
102
106
126
115
123
112
128
111
121
134
148
149
148
142
109
114
149
164
132
150
130
161
144
157
154
193
177
188
178
234
220
229
206
237
267
286
307
326
341
425
416
513
565
609
617
631
690
666
742
678
713
680
694
645
559
523
439
391
385
345
308
283
234
204
183
185
186
137
125
128
117
127
133
107
98
83
93
82
75
93
60
57
78
61
74
61
49
68
51
83
81
70
54
64
48
65
67
64
65
63
68
68
60
77
70
74
82
96
81
90
89
104
102
117
105
127
135
115
117
117
112
113
116
103
103
81
108
84
71
62
74
77
45
42
55
60
42
38
44
38
30
35
31
41
46
34
35
29
43
38
28
37
24
36
33
39
32
28
26
24
21
30
32
33
27
27
26
34
27
24
29
29
25
31
20
27
26
22
40
39
30
30
24
39
22
23
21
15
23
31
24
22
20
22
23
21
29
28
23
30
33
24
36
31
30
23
33
21
33
34
35
26
29
23
34
20
19
27
27
21
20
26
27
25
24
35
24
33
18
17
13
27
18
21
18
19
21
23
18
19
16
24
18
20
29
15
19
29
14
18
19
21
18
24
17
29
16
26
24
21
20
11
14
19
18
17
25
26
18
21
21
26
17
21
20
26
22
32
24
25
23
27
28
30
29
41
34
34
36
33
49
37
43
35
51
36
52
34
44
33
37
37
31
27
33
27
34
25
26
27
23
31
29
9
26
18
16
31
25
21
20
13
22
13
29
14
16
21
21
18
19
18
18
19
22
25
13
18
18
19
22
19
13
16
17
15
25
18
19
14
28
29
16
16
16
15
21
20
17
12
13
17
11
12
9
19
13
21
12
15
19
7
17
14
11
11
13
18
17
10
17
16
12
15
13
15
15
17
16
13
17
12
10
11
10
17
21
15
9
14
11
21
14
14
13
14
15
20
6
13
18
14
11
13
14
9
12
13
14
17
11
11
13
12
12
16
23
16
11
20
6
18
14
17
14
13
12
11
16
12
13
13
8
11
11
18
9
21
10
5
14
7
12
13
12
12
14
15
9
13
4
12
15
14
17
20
14
8
10
11
18
20
15
18
12
18
12
12
13
12
15
9
13
10
8
12
11
23
12
13
7
8
11
13
22
13
14
9
12
14
12
9
14
19
11
17
14
16
9
15
16
18
18
11
18
20
19
17
23
9
21
20
12
13
19
18
19
14
19
19
12
21
22
14
19
21
13
9
12
11
9
12
7
11
9
12
13
13
3
12
14
8
13
20
7
12
15
17
8
15
7
8
14
17
4
11
13
8
7
3
14
14
12
19
20
9
6
14
10
8
15
12
8
9
11
12
13
10
11
4
8
15
14
9
11
8
18
12
15
9
8
7
10
11
11
15
9
10
14
12
13
9
4
8
4
13
15
8
4
9
14
9
12
15
12
6
12
14
11
12
5
10
11
8
9
15
9
11
19
9
9
8
13
20
11
11
14
8
8
8
8
17
13
16
9
11
10
8
10
10
14
13
10
12
24
9
10
9
10
8
10
8
8
14
12
13
14
17
6
9
12
9
14
14
4
12
19
10
12
5
13
17
11
7
11
7
12
9
8
13
6
10
14
12
9
20
6
15
13
8
14
8
8
15
9
10
11
8
11
4
12
4
9
8
16
14
7
12
12
9
13
10
9
7
6
11
11
4
7
10
7
9
17
7
2
15
12
12
9
11
11
8
9
12
13
9
10
14
8
10
12
12
16
13
14
8
9
10
10
8
15
4
10
8
7
9
5
7
8
9
7
6
10
11
5
10
12
10
9
8
8
11
10
11
7
6
14
8
7
4
7
12
9
9
6
15
6
12
8
13
10
10
14
3
5
8
11
8
12
3
5
11
12
10
8
10
8
7
12
6
14
11
11
14
10
11
10
4
13
12
11
13
7
12
8
13
9
11
9
3
10
10
5
12
9
7
3
4
7
10
5
6
10
12
12
5
8
10
8
10
8
11
6
9
13
10
9
11
16
5
10
7
5
6
10
12
8
8
7
16
12
6
13
7
9
5
15
5
10
12
12
9
6
9
13
10
6
7
11
8
8
7
6
4
8
17
4
11
2
7
8
8
3
9
10
7
9
8
11
8
10
10
8
10
9
3
9
9
6
9
11
5
10
5
12
12
10
6
8
10
9
7
6
12
10
9
7
5
10
3
12
12
11
5
11
13
12
5
14
16
12
12
10
16
9
12
11
9
17
12
7
11
10
14
10
9
6
11
13
11
8
4
9
13
11
10
4
9
6
8
7
7
5
6
7
8
9
10
9
8
8
9
11
6
8
8
8
6
8
5
6
9
7
8
3
11
10
11
11
6
9
11
6
2
7
11
7
6
10
15
11
5
7
10
7
8
8
4
4
9
8
5
11
3
8
5
6
4
10
9
6
5
9
6
6
10
9
10
9
3
11
10
8
7
12
10
14
11
8
9
8
7
5
11
8
9
12
8
16
5
6
9
8
9
11
10
9
6
6
8
9
12
7
6
7
12
9
5
12
5
13
10
10
17
4
10
1
4
7
11
6
9
2
4
6
10
14
13
12
9
6
2
2
9
9
8
8
13
9
9
9
3
6
3
4
5
5
6
6
5
8
10
8
6
5
7
6
10
7
9
12
8
8
3
3
7
8
5
6
10
11
7
10
7
7
15
8
9
12
10
5
7
1
5
3
5
7
6
1
9
9
8
5
9
9
8
8
7
9
5
11
10
5
3
6
5
12
9
10
5
12
11
8
4
8
10
9
12
7
7
7
7
11
4
6
6
5
5
9
7
7
10
4
7
8
12
6
3
8
8
6
7
11
8
8
5
9
8
8
8
12
4
4
4
10
8
6
8
4
6
7
7
8
3
15
4
7
5
7
6
10
7
7
7
2
7
8
8
7
7
5
17
6
7
8
5
8
6
7
6
12
12
7
6
6
5
11
6
5
6
4
6
8
5
8
7
5
3
6
3
6
11
10
4
11
14
6
6
8
5
5
5
8
3
7
5
6
5
9
2
8
4
5
2
5
4
3
7
3
3
6
1
9
1
4
5
9
4
2
3
7
6
3
2
3
7
7
2
2
3
5
3
4
8
2
5
3
4
3
3
8
2
2
2
5
3
2
3
5
5
2
6
4
1
4
2
3
4
5
4
5
2
3
4
2
2
4
2
2
4
4
0
7
3
3
3
3
3
6
4
4
1
5
5
4
1
7
3
5
5
5
1
1
2
3
4
2
1
2
4
4
3
3
6
3
1
2
3
2
3
1
2
1
0
0
1
4
6
1
3
4
2
1
3
5
1
3
3
3
6
3
2
5
2
4
2
7
3
4
2
3
1
3
3
2
1
2
1
3
2
2
3
2
0
3
0
2
4
6
2
3
2
4
1
0
2
1
1
2
2
3
2
1
2
1
2
1
3
2
2
1
0
4
3
1
1
3
2
3
2
10
2
0
1
3
5
0
0
3
1
2
1
3
5
4
3
1
2
2
0
2
2
2
1
4
1
1
3
5
2
1
3
1
4
4
2
1
5
5
2
4
1
3
3
4
3
2
4
2
3
5
1
2
3
3
4
2
5
2
6
2
4
5
2
1
3
0
2
2
6
2
1
3
6
4
3
6
3
4
2
3
4
5
4
3
6
2
3
3
2
3
6
4
3
5
5
3
6
4
5
5
5
4
12
5
8
5
10
12
12
9
6
8
10
11
14
10
12
9
10
9
10
13
12
9
8
9
5
5
3
7
4
4
2
6
3
4
4
0
3
3
2
1
5
1
3
1
2
4
2
3
1
5
0
2
1
3
3
1
2
1
4
2
1
2
1
2
3
1
1
2
3
1
3
0
2
2
2
1
2
0
3
4
0
3
7
0
4
2
0
1
0
0
4
0
1
0
1
1
4
1
4
1
1
4
1
0
2
1
1
3
0
2
0
2
2
1
0
1
2
4
3
1
1
1
1
4
1
1
1
0
1
2
2
0
1
0
0
1
1
0
1
1
4
1
0
3
0
3
0
1
2
1
1
0
2
0
0
1
1
0
1
0
0
0
1
0
1
1
2
1
2
0
4
0
0
3
0
2
0
2
1
2
1
2
1
0
1
4
4
2
1
1
0
3
2
0
0
1
1
1
3
0
0
1
0
2
3
2
0
1
1
3
1
0
2
2
1
1
0
0
0
1
0
3
1
3
0
0
1
2
3
0
0
1
0
1
1
2
1
1
1
1
2
2
4
1
0
0
0
5
1
0
0
1
1
3
0
1
4
0
3
0
4
1
1
1
1
2
1
2
0
1
1
3
0
1
1
1
0
1
4
2
1
1
2
0
0
1
0
1
1
0
1
1
3
4
0
0
1
2
2
1
1
0
3
3
1
1
1
1
1
1
1
0
3
1
1
0
0
2
3
2
2
3
0
0
0
2
2
0
0
3
1
1
4
1
1
0
1
2
1
0
4
0
0
1
0
0
1
2
2
0
2
1
1
3
2
1
1
1
0
0
2
1
3
0
1
3
2
0
1
0
1
2
1
0
0
1
1
1
0
1
1
0
0
0
1
1
0
1
0
1
0
1
0
2
1
1
1
0
2
2
1
0
1
0
2
4
0
1
1
2
4
0
2
1
1
1
1
0
3
1
0
2
1
0
2
2
0
0
1
2
0
1
1
2
1
0
2
1
2
4
0
1
1
0
1
0
0
2
0
1
0
1
0
1
0
1
1
1
3
1
0
3
0
3
3
3
2
0
0
0
1
2
0
4
2
0
1
2
0
0
1
1
0
0
1
0
1
1
0
1
0
1
1
1
2
2
1
0
0
0
1
0
1
3
1
2
1
0
3
1
0
1
1
1
0
0
1
1
2
1
5
0
0
1
2
1
1
1
1
1
0
1
0
1
3
1
1
0
5
1
2
1
1
2
0
0
1
2
1
0
3
1
0
1
3
1
4
2
0
2
1
0
0
2
1
1
1
2
1
0
3
1
0
0
2
0
2
1
0
2
0
1
1
0
0
2
0
1
1
1
0
2
0
2
1
2
4
0
3
2
2
1
1
1
1
0
0
0
0
1
2
1
2
1
0
1
0
0
2
1
2
0
0
1
1
0
0
1
0
1
3
1
2
1
1
1
1
$ENER_FIT:
0 1
$ENER_DATA:
0
