$SPEC_REM:
PSpect
ID: 
\\VBOXSVR\oliverb\Desktop\152Eu1LayerCopper.spe
$DATE_MEA:
08/27/2020 15:49:53
$MEAS_TIM:
344888 344991
$DATA:
0 4095
0
0
0
0
0
0
0
0
0
0
0
0
0
0
0
0
0
0
0
0
0
0
3
5
33
147
415
1190
2315
4070
6250
8746
10707
12981
14982
16755
17922
19791
21352
22336
23915
25167
26542
27470
21888
18344
23680
29956
36393
38469
35926
31717
28570
27149
25531
25103
25068
24766
24834
24816
24572
25209
24693
25037
24525
24988
24681
24878
24447
24842
25248
25122
25327
25495
25658
25902
25751
26500
26343
27181
26683
26988
27390
27902
28113
28461
28750
28665
29287
29869
29454
30004
30221
30644
30902
30894
31191
31761
31678
32272
31648
31656
32741
32642
32597
32778
32846
33150
33221
33208
33829
33906
33482
34185
34365
34798
34267
34905
34654
34644
35176
35066
34838
34920
34776
35280
35535
35256
35041
35651
35210
35525
35184
35604
36153
35969
36328
35636
36110
35943
36340
35986
36017
36087
36173
36565
36366
36543
36542
37319
37766
37755
38930
39804
40731
42596
43991
45733
47583
49102
50701
51839
52330
52641
51385
49638
47914
45255
42757
39581
36833
33906
30838
29485
27963
26856
25464
24997
24407
24238
23512
23842
23775
23199
23119
22924
22666
23167
22367
22823
22773
22620
22651
22621
22602
22283
22185
22004
22124
22238
22139
21838
21999
21929
21489
21439
21555
21361
21056
21182
21040
20737
20661
20504
20322
20374
19929
19790
19874
19557
19154
19297
19511
19290
18911
19000
18879
18677
18490
18448
18293
18324
18053
18159
17849
17920
17759
17365
17254
17327
17293
17125
17012
17157
17033
16862
16551
16994
16437
16728
16182
16154
15913
16076
16134
15820
15770
15858
15733
15664
15571
15528
15240
15398
15190
15267
15207
14947
15006
15048
14599
14516
14364
14556
14535
14365
14273
14453
14283
14307
14014
14209
14090
14070
14033
13812
13786
13696
13503
13718
13427
13329
13133
13240
13247
13079
13164
13159
12773
12843
12767
12608
12738
12641
12527
12723
12521
12373
12423
12347
12444
12623
12560
12410
12699
12569
12849
12907
13068
13286
13576
14316
14476
15128
15392
16018
16520
16626
16893
16546
16049
15635
14993
14290
13559
12802
11953
11151
10476
10049
9432
8986
8967
8690
8575
8399
8305
8182
8100
8095
8027
7879
7824
7784
7691
7677
7596
7650
7558
7570
7780
7668
7609
7601
7609
7425
7462
7465
7392
7322
7500
7249
7228
7233
7107
7193
7269
7058
7140
7218
6895
7153
6980
6962
6933
6911
6911
6948
6880
7039
6996
6985
7186
6979
7130
7164
7168
7061
7056
7215
6991
6927
7004
6998
6827
6780
6884
6823
6766
6567
6756
6727
6505
6670
6566
6645
6787
6616
6624
6601
6587
6653
6751
6663
6953
6740
6885
6808
6788
6934
6879
6875
7000
6986
7087
7287
7127
7409
7512
7522
7440
7453
7487
7458
7403
7402
7482
7593
7854
7748
8066
8386
8779
9592
10622
11501
12492
13917
15012
16081
17069
17780
18245
17938
17416
16634
15704
14372
13051
11849
10460
9366
8137
7275
6479
5799
5381
4970
4679
4558
4200
4263
4063
3852
3831
3904
3964
3835
3927
3927
3871
3935
3800
4028
3779
3824
3760
3771
3630
3606
3641
3543
3495
3525
3414
3379
3390
3319
3354
3288
3361
3289
3213
3296
3408
3294
3310
3211
3345
3317
3334
3313
3353
3273
3246
3302
3233
3294
3202
3039
3138
3165
3035
3208
3145
3081
3009
3096
3039
3129
3058
3107
3103
3309
3295
3450
3473
3411
3552
3609
3680
3695
3685
3679
3585
3609
3567
3479
3336
3233
3253
3092
3090
3031
3025
2867
2984
2965
2843
2809
2855
2825
2802
2788
2841
2800
2649
2679
2752
2723
2773
2568
2681
2840
2855
2782
2849
2777
2903
3111
3139
3206
3293
3395
3348
3385
3489
3329
3410
3365
3239
3229
3085
2957
2811
2807
2673
2681
2629
2481
2554
2455
2481
2474
2368
2430
2353
2374
2350
2416
2405
2352
2343
2372
2398
2326
2373
2259
2318
2284
2321
2320
2355
2306
2201
2230
2186
2386
2226
2254
2378
2294
2165
2178
2280
2190
2259
2278
2335
2225
2258
2309
2448
2347
2330
2324
2315
2319
2323
2342
2381
2320
2248
2275
2201
2115
2215
2247
2188
2148
2157
2146
2142
2198
2236
2240
2124
2148
2145
2156
2216
2118
2131
2278
2185
2199
2154
2123
2170
2230
2163
2103
2093
2181
2166
2050
2033
2088
2001
2057
2041
2059
2019
2048
2102
2061
2049
2035
2055
2101
2039
2042
2050
1959
2086
2019
2049
1997
1961
2106
2086
2039
2001
1979
1937
1943
2015
2051
1996
1968
2026
1924
1963
1937
1948
1970
1920
1994
1943
1905
1930
1903
2018
1919
2036
1977
1943
1993
1916
1977
1981
1961
1911
1947
2031
2035
2017
2068
2118
1948
2031
1900
1931
2015
1940
1999
1860
1857
1879
1959
1871
1948
1865
1939
1937
1903
2007
1968
1977
1983
1850
1985
1912
1939
1924
1976
1957
1945
1844
1846
1871
1808
1864
1832
1776
1770
1706
1745
1681
1645
1647
1668
1665
1664
1668
1684
1683
1643
1728
1697
1683
1740
1654
1628
1757
1756
1684
1693
1753
1657
1718
1707
1711
1594
1608
1645
1639
1597
1617
1581
1646
1646
1534
1601
1641
1546
1580
1607
1567
1601
1512
1610
1578
1619
1515
1504
1581
1601
1525
1559
1628
1537
1538
1519
1504
1558
1538
1578
1580
1474
1507
1538
1548
1488
1464
1507
1525
1518
1512
1486
1583
1476
1473
1509
1528
1502
1464
1549
1528
1495
1537
1533
1574
1471
1517
1521
1620
1515
1533
1498
1554
1445
1493
1531
1514
1458
1509
1508
1573
1562
1536
1523
1542
1524
1554
1524
1524
1550
1533
1545
1557
1565
1551
1503
1498
1558
1602
1525
1519
1514
1535
1591
1587
1553
1525
1562
1469
1501
1552
1467
1520
1463
1552
1438
1451
1477
1385
1485
1452
1507
1421
1472
1433
1427
1453
1433
1418
1458
1394
1416
1502
1435
1429
1426
1465
1470
1396
1417
1374
1425
1453
1460
1509
1459
1501
1479
1472
1405
1443
1443
1403
1423
1388
1494
1378
1449
1450
1456
1434
1456
1452
1367
1477
1422
1368
1420
1466
1442
1447
1450
1463
1452
1473
1405
1454
1460
1404
1364
1496
1464
1439
1453
1473
1446
1401
1431
1418
1407
1392
1404
1385
1421
1390
1391
1290
1379
1351
1346
1394
1300
1306
1372
1312
1398
1371
1402
1385
1443
1421
1445
1404
1480
1455
1483
1622
1639
1804
1783
1913
2053
2011
2179
2241
2431
2386
2388
2303
2283
2376
2238
2175
1993
1926
1835
1788
1674
1548
1449
1465
1355
1275
1263
1221
1233
1233
1155
1163
1112
1011
1091
1117
1173
1050
1084
1107
1099
1061
1071
1073
1024
1090
1112
1052
1132
1088
1057
1114
1129
1031
1069
1089
1059
1040
1039
1042
1062
1109
1069
977
1024
1068
992
1036
1079
1096
1034
997
1114
1114
1061
983
1007
971
1000
1052
1038
1041
1017
1045
1016
1081
1072
1027
1039
1015
1008
1055
1015
1067
1043
1016
962
958
1030
990
1003
980
983
999
1004
1000
982
1047
986
1073
1061
996
1080
1060
1029
1026
1095
1099
1069
1088
1223
1100
1170
1223
1211
1210
1307
1326
1275
1233
1280
1303
1311
1210
1217
1204
1148
1070
1061
1071
1006
1044
994
987
954
947
1019
992
910
943
890
887
889
895
822
903
927
870
898
910
866
895
872
918
811
854
842
812
790
893
873
850
832
835
813
881
842
817
795
772
799
845
850
833
829
870
837
833
789
812
801
839
837
753
767
788
819
773
780
799
831
765
814
817
800
766
795
787
761
775
741
766
759
778
700
736
754
708
718
725
699
729
735
706
713
669
725
694
682
736
750
694
725
697
688
676
737
724
776
779
727
809
811
832
839
918
894
958
1013
1082
1149
1257
1304
1391
1450
1475
1451
1519
1578
1537
1546
1395
1482
1279
1225
1209
1112
1107
1039
947
886
864
772
746
747
714
680
635
660
580
613
569
614
573
616
568
557
553
609
563
556
601
589
545
557
542
549
585
551
584
549
609
576
575
570
585
592
567
581
606
612
614
568
568
606
614
607
571
577
583
576
529
517
554
556
594
576
545
606
590
545
544
541
579
585
552
575
579
569
549
537
548
566
548
531
531
588
578
556
570
519
596
623
565
568
563
595
550
568
555
570
558
579
526
535
571
571
608
573
611
569
572
593
537
598
600
557
582
569
613
589
550
628
608
610
604
555
614
590
583
583
587
597
596
576
584
566
584
606
582
556
599
633
612
677
672
638
666
713
730
758
748
830
847
932
912
990
995
1089
1072
1151
1051
1093
1125
1064
1060
1003
998
933
871
911
841
791
698
760
729
695
674
665
674
692
672
715
731
764
786
811
869
883
928
926
1036
1053
1105
1110
1099
1174
1084
1105
1113
1068
921
930
913
808
738
699
692
599
642
639
624
513
519
474
472
485
507
525
480
488
406
409
424
459
434
409
380
380
385
375
397
389
400
410
393
385
427
379
425
380
382
380
414
365
376
384
394
368
419
377
360
366
377
383
402
356
425
374
400
382
380
385
420
405
392
430
375
406
387
441
439
456
445
411
441
422
422
434
413
444
441
399
409
378
372
383
372
358
333
339
385
320
316
324
363
327
337
318
284
269
281
305
322
249
282
280
259
259
261
253
257
254
258
243
233
233
220
245
261
226
247
264
234
217
239
243
259
284
254
246
255
266
245
233
260
224
207
231
221
188
196
182
199
196
192
210
192
163
199
183
188
159
186
192
161
181
157
163
165
147
153
186
158
170
164
157
159
144
172
159
159
178
157
160
152
186
169
154
151
184
154
148
145
160
160
147
120
155
143
152
156
145
145
126
137
161
147
134
138
126
147
148
139
139
134
139
130
124
123
108
135
118
134
113
137
149
153
122
137
132
136
134
125
119
127
134
133
139
150
142
135
123
130
149
167
159
167
144
187
172
142
151
182
178
163
176
178
183
169
166
176
159
138
152
155
145
155
128
134
121
146
115
135
124
133
143
133
128
141
136
157
129
137
127
150
144
142
139
141
135
174
162
157
177
201
173
179
193
204
189
187
181
184
157
169
180
174
163
155
180
160
165
131
144
151
133
128
125
136
148
148
155
134
146
157
144
140
140
144
140
122
128
129
140
126
112
118
103
107
129
102
120
124
107
124
119
116
117
138
135
148
134
145
126
142
128
124
131
136
158
155
136
131
132
139
142
164
139
148
138
159
151
177
165
167
155
189
188
193
189
221
213
216
243
295
306
337
338
378
391
469
496
545
594
597
641
718
660
748
676
714
722
712
664
638
595
556
499
427
396
374
310
261
259
251
209
206
174
174
135
155
149
115
99
111
122
100
101
100
98
84
75
87
84
85
66
77
79
82
79
61
81
64
89
68
77
75
86
97
73
74
69
81
99
77
96
92
97
93
93
115
113
117
132
145
143
137
153
158
142
145
176
149
124
124
139
117
97
105
108
76
66
66
65
69
65
81
48
56
46
60
51
46
53
55
42
36
32
53
37
33
34
48
36
26
34
33
44
38
36
31
38
34
45
57
31
37
42
29
41
32
36
39
34
35
39
49
31
34
25
31
42
40
29
43
26
38
34
38
44
41
32
28
30
35
39
39
39
36
35
34
19
30
36
31
32
42
33
35
30
35
35
28
40
23
31
26
22
29
33
32
32
27
31
33
28
20
21
25
34
26
30
28
28
22
18
19
20
27
21
31
24
21
22
35
35
27
19
22
31
20
37
26
15
24
31
26
26
26
30
22
39
19
26
25
22
26
37
27
27
23
32
32
26
20
25
27
22
31
22
27
29
37
37
46
38
40
44
37
49
58
45
50
50
60
60
48
48
69
42
56
46
40
40
50
44
36
32
39
38
27
30
28
37
29
25
24
20
24
26
26
27
23
36
27
23
20
20
23
22
24
16
26
22
20
30
25
26
20
15
27
18
17
20
24
25
16
22
25
24
24
13
20
17
30
26
22
23
22
15
24
28
22
24
18
9
17
19
26
20
15
11
23
22
22
34
16
16
23
22
12
16
11
24
18
17
19
19
14
10
13
16
21
25
19
18
11
12
10
25
27
15
26
18
25
18
16
20
14
15
17
21
21
22
11
19
18
16
20
16
12
26
15
13
16
21
15
22
17
10
12
22
18
15
14
18
17
13
20
20
13
16
24
19
23
19
14
21
12
11
21
16
22
17
19
25
6
17
12
15
17
21
13
19
22
21
18
16
19
17
17
21
22
13
15
16
11
28
15
34
21
18
18
19
15
16
20
16
15
14
11
21
14
22
20
15
14
13
14
13
9
12
14
12
14
18
16
15
26
13
15
17
14
15
21
18
19
27
22
26
18
26
29
25
28
26
23
26
25
19
22
16
20
13
17
17
18
19
12
16
12
14
13
13
10
15
24
14
16
15
21
15
8
15
9
8
19
21
15
15
6
23
15
18
23
14
15
10
12
21
15
10
17
9
15
10
10
20
21
13
19
14
15
16
16
13
20
17
22
9
18
13
18
11
15
11
21
12
19
14
17
19
17
19
14
11
8
9
14
9
17
27
12
11
15
16
12
19
15
18
12
11
17
16
12
10
16
15
14
12
14
18
14
18
18
14
12
13
10
18
9
14
17
14
15
12
17
19
11
11
14
16
8
16
13
13
13
10
14
10
11
10
21
9
16
21
18
14
18
9
9
12
9
7
11
9
14
12
16
19
14
16
21
9
15
8
11
9
8
15
8
13
18
13
16
14
12
12
15
11
14
11
9
16
5
12
7
16
15
10
13
16
10
12
19
13
14
13
14
11
14
15
12
8
17
7
15
8
11
22
17
14
11
12
13
15
9
12
20
10
15
21
14
11
6
15
11
9
12
17
13
13
20
11
17
16
12
19
15
10
13
9
15
13
10
14
7
9
12
11
4
12
9
13
14
12
13
7
9
10
13
10
16
17
7
19
13
13
9
13
11
4
11
7
11
12
14
11
7
12
15
16
14
11
10
12
14
7
12
12
10
11
13
8
14
6
20
15
17
8
14
14
13
14
10
14
11
8
13
5
12
14
13
12
9
14
11
10
18
13
10
9
18
16
10
5
11
10
15
11
5
13
9
3
12
11
15
12
8
6
15
9
11
13
17
13
15
10
9
16
9
10
12
11
14
11
14
13
13
11
10
14
13
11
10
9
8
12
15
8
13
15
12
9
15
8
16
9
14
9
13
13
13
9
9
9
9
5
13
9
9
8
11
15
9
10
9
7
7
11
9
15
8
13
13
12
12
14
14
18
6
13
11
6
12
10
11
14
12
9
18
12
8
15
11
19
8
15
11
8
8
21
13
15
7
8
13
13
15
10
17
14
12
17
17
11
20
15
14
11
11
19
22
11
11
15
8
8
18
8
10
17
13
10
14
13
8
14
8
10
12
6
7
7
10
15
15
9
12
19
9
13
17
7
11
7
6
9
14
10
14
15
14
8
6
5
10
5
10
7
4
14
7
11
10
7
10
7
10
15
14
14
19
7
14
11
10
9
8
9
11
9
11
14
14
10
11
7
8
11
10
12
5
14
12
13
7
6
12
12
9
8
8
11
8
12
14
8
13
15
9
11
8
14
12
11
7
11
11
11
9
11
8
8
12
10
12
16
10
13
13
11
14
11
11
8
15
12
12
18
12
9
17
11
12
12
13
13
10
19
10
9
17
14
11
6
6
15
11
6
10
19
5
12
7
10
12
9
12
6
10
7
18
12
8
16
12
9
9
8
10
10
10
6
5
11
12
14
11
10
8
7
8
12
9
14
13
10
9
6
8
9
5
12
8
15
8
9
8
11
15
9
9
13
6
11
9
11
12
11
8
6
15
12
9
12
9
10
7
13
14
10
2
13
7
14
10
7
9
8
6
12
10
8
10
12
7
7
8
13
8
7
8
10
9
7
11
11
10
11
12
7
12
11
10
8
9
7
11
7
14
13
10
12
13
5
5
6
10
19
8
8
10
12
13
12
15
11
7
7
8
12
9
6
13
11
13
9
7
11
5
12
10
4
12
6
10
6
10
7
7
10
11
14
9
13
9
13
9
6
8
11
10
10
2
5
6
14
11
11
6
10
10
6
14
11
17
12
7
8
6
6
4
7
8
6
10
10
12
10
6
5
10
10
7
6
12
14
8
7
9
7
12
14
6
6
12
9
4
9
8
7
10
8
6
8
5
1
8
4
6
9
9
3
5
8
9
4
3
0
0
3
3
5
4
7
3
2
4
5
4
5
2
9
6
4
3
4
6
8
4
0
7
5
5
6
7
5
4
7
8
6
7
4
6
8
2
3
4
6
8
7
5
3
4
5
2
7
8
6
2
4
5
2
1
3
4
7
6
1
2
4
2
1
3
4
3
4
4
6
4
8
3
4
1
4
5
6
5
3
4
3
4
4
6
2
2
4
5
2
10
3
1
3
3
6
2
4
3
1
7
4
6
3
7
6
3
8
5
5
6
3
2
4
4
4
7
2
6
1
0
2
3
4
1
1
1
3
5
1
4
3
6
4
2
7
6
4
2
1
1
3
5
1
0
2
2
2
4
4
5
3
5
3
2
3
2
7
2
6
5
5
2
5
2
7
5
4
5
4
3
2
1
1
3
5
0
4
1
2
8
1
1
2
4
4
0
4
3
3
2
5
4
1
1
4
3
3
1
2
1
5
4
4
4
3
5
3
4
2
2
3
3
2
4
5
2
2
2
3
3
3
4
2
2
0
6
2
5
3
3
4
3
8
4
4
2
7
7
10
5
4
3
5
0
1
2
5
4
4
3
5
3
6
7
5
4
5
3
4
0
3
6
4
4
5
8
6
8
6
8
11
7
9
8
14
11
12
12
12
12
16
11
15
12
11
14
10
14
18
13
19
9
17
13
13
9
4
7
6
7
12
7
3
4
9
4
7
2
7
5
2
2
4
3
6
4
2
3
4
6
2
1
2
2
2
1
2
3
5
1
0
3
0
1
3
3
1
1
2
0
3
1
0
2
3
1
1
3
4
3
3
2
2
2
3
1
3
1
1
0
2
5
0
0
0
2
2
2
1
1
1
2
1
0
2
4
1
2
2
2
2
0
1
2
1
0
1
0
5
2
1
2
1
1
1
0
2
1
0
4
4
4
3
1
1
1
1
0
1
2
1
2
2
1
1
0
2
0
3
1
1
2
2
0
2
0
2
1
2
0
0
1
3
4
0
1
2
3
1
3
1
1
1
2
2
1
1
1
3
1
0
1
1
1
2
2
2
2
2
6
0
2
2
0
1
0
2
2
2
2
1
3
0
0
4
1
2
3
2
1
1
2
0
1
1
3
2
3
0
2
2
1
0
0
3
0
1
2
0
2
0
1
3
0
2
2
1
2
0
0
2
2
7
4
3
0
2
0
0
0
1
2
0
1
2
0
2
3
0
0
0
2
1
0
1
2
1
1
0
2
0
0
1
1
0
1
0
1
2
0
2
3
2
1
2
2
5
0
3
0
2
1
2
1
0
3
2
3
3
2
2
5
0
0
1
1
2
2
3
0
5
1
1
5
1
0
0
0
2
2
0
3
1
2
1
0
1
0
1
1
1
2
1
2
1
2
4
2
4
3
5
2
0
3
2
1
4
1
2
1
3
3
0
3
2
2
4
1
2
2
2
3
0
0
5
1
1
2
3
2
1
4
1
0
0
3
1
1
4
2
1
1
1
2
2
1
1
0
1
1
2
1
0
3
0
1
0
1
1
0
1
1
5
1
2
2
2
1
0
0
0
1
4
1
1
3
2
0
1
1
2
2
2
1
1
0
3
1
0
1
1
2
1
0
2
2
3
3
3
1
2
1
0
2
2
1
1
1
1
3
1
1
3
0
3
4
3
3
0
2
3
5
3
0
1
1
4
0
1
1
3
0
1
1
2
2
0
1
1
0
0
0
2
1
0
0
1
2
1
1
0
0
0
3
3
3
2
1
0
2
1
1
0
0
0
0
4
2
0
2
1
1
0
6
2
0
1
1
1
1
1
0
2
1
3
2
1
0
0
0
3
2
4
1
2
2
1
2
2
1
1
0
1
2
0
1
2
2
3
1
1
1
3
1
0
1
2
1
3
2
0
2
0
0
2
3
0
3
1
0
0
3
5
2
2
1
2
0
0
1
2
2
0
1
0
1
3
0
1
2
2
0
3
2
3
0
1
0
1
0
0
0
3
3
3
0
2
0
0
2
0
1
0
4
2
2
0
1
1
0
1
1
1
2
3
2
2
3
3
2
1
3
1
0
2
2
2
2
0
$ENER_FIT:
0 1
$ENER_DATA:
0
