$SPEC_REM:
PSpect
ID: 
\\VBOXSVR\oliverb\Desktop\152eu1.82cmfor3layersofAl(1.9cmfor3CulayersBTW).spe
$DATE_MEA:
09/21/2020 15:54:39
$MEAS_TIM:
260818 260920
$DATA:
0 4095
0
0
0
0
0
0
0
0
0
0
0
0
0
0
0
0
0
0
0
0
0
1
0
2
13
60
248
743
1704
3406
5525
8158
10825
13459
15899
18404
20075
22561
24526
26499
28615
30880
33179
35324
35744
24548
29339
38642
49681
59889
62152
58732
53513
49822
47387
46584
45652
44958
44242
44009
41443
40833
39417
37941
35996
34452
32586
31828
30097
29356
29393
27793
28075
27749
28113
27718
27983
28643
29118
29173
29333
30132
30170
30691
30747
31442
31762
31939
32437
33060
33364
34045
33384
34161
34822
34847
35071
35713
35089
36135
35869
36006
37030
37284
37335
37521
37405
37544
38117
38009
38439
38761
38536
39191
39190
39232
38680
39343
39587
39447
39758
39997
39782
40224
39735
40528
40371
40126
40209
41324
40861
40952
41451
41204
41697
41638
41662
41756
42205
42199
42428
41677
42444
42823
42584
43175
43583
44241
43874
45136
45550
46717
48163
49157
51346
53312
55172
57917
60538
63402
65148
67168
67947
67970
66562
65218
62597
58312
54588
49895
45496
40432
35740
32730
29557
27221
24746
23203
22210
21145
20229
19761
19748
19499
18964
19024
18804
18716
18545
18374
18449
18158
18276
18308
18468
17994
17866
17822
18107
17627
17826
17667
17675
17544
17143
17197
17103
16951
16896
16830
16774
16666
16308
16418
15926
16271
15910
15929
15853
15483
15295
15346
15509
14941
15033
15029
14732
14880
14318
14565
14695
14324
14382
14207
13952
14053
13975
13767
13556
13792
13622
13429
13342
13307
13120
13108
13075
13010
12819
12925
12835
12636
12618
12523
12847
12534
12308
12599
12265
12336
12063
12174
11934
11985
11956
11886
11730
11892
11568
11759
11533
11572
11277
11458
11212
11315
10935
11251
10964
11218
10945
11046
10990
10825
10582
10831
10594
10645
10726
10494
10340
10500
10415
10269
10526
10290
10388
10350
10260
10241
10041
10058
10007
10114
9927
10085
9902
9952
9656
9934
9806
9741
9737
9895
9763
9782
9750
10100
10240
10527
10723
11116
11321
11755
12093
12686
12855
12997
13253
13098
13016
12906
12296
11903
11282
10766
9846
9241
8839
8462
7948
7661
7328
7109
6954
6605
6531
6533
6185
6283
6084
6250
6197
6185
6070
6027
5901
5984
6066
5939
5842
6006
5974
5944
5813
5807
5807
5840
5851
5754
5753
5702
5756
5749
5713
5603
5560
5548
5543
5575
5483
5546
5532
5503
5294
5430
5419
5323
5394
5311
5556
5573
5419
5462
5387
5609
5378
5680
5584
5453
5517
5637
5511
5471
5293
5321
5334
5319
5263
5377
5296
5227
5230
5239
5052
5126
5173
5327
5235
5194
5329
5321
5223
5376
5395
5306
5455
5583
5564
5733
5794
5712
5642
5879
5843
5834
5729
5943
5695
5683
5778
5612
5563
5576
5542
5286
5459
5621
5646
5776
6152
6502
6968
7563
8287
8784
9845
10718
11632
12307
12768
13529
13914
13861
13819
13397
12749
12342
11089
10460
9232
8319
7577
6803
5978
5430
4895
4411
4193
3897
3780
3562
3327
3309
3178
3143
3152
3046
3029
3056
3065
3037
2979
3002
3044
2978
2921
2871
2932
2849
2782
2744
2784
2730
2686
2661
2622
2599
2640
2631
2615
2517
2598
2552
2456
2474
2487
2503
2696
2483
2534
2449
2504
2563
2522
2439
2393
2489
2404
2470
2446
2438
2320
2354
2432
2410
2399
2473
2405
2445
2398
2405
2457
2496
2541
2560
2579
2660
2672
2814
2756
2882
2804
2875
2994
2771
2775
2720
2692
2696
2521
2455
2458
2329
2334
2335
2236
2242
2309
2234
2164
2138
2106
2132
2125
2046
2078
2192
2115
2085
1976
2158
2092
2123
2151
2201
2160
2257
2240
2371
2413
2407
2469
2580
2581
2570
2568
2612
2586
2603
2454
2490
2399
2363
2330
2232
2189
2173
2037
1998
2007
1965
1896
1922
1924
1847
1875
1833
1822
1822
1769
1860
1815
1837
1818
1794
1772
1797
1749
1831
1769
1767
1818
1885
1729
1755
1707
1766
1751
1756
1835
1731
1682
1753
1674
1792
1755
1838
1784
1760
1817
1868
1880
1773
1780
1749
1749
1730
1786
1727
1754
1765
1811
1674
1758
1773
1759
1694
1736
1751
1657
1643
1734
1660
1670
1703
1655
1655
1684
1704
1650
1695
1695
1694
1673
1726
1613
1639
1680
1679
1706
1623
1693
1584
1638
1669
1611
1622
1614
1605
1647
1519
1589
1589
1637
1616
1605
1610
1582
1563
1690
1577
1580
1591
1505
1574
1564
1571
1573
1547
1561
1597
1521
1565
1604
1551
1537
1610
1553
1578
1547
1547
1394
1579
1443
1509
1480
1534
1617
1537
1497
1611
1486
1441
1502
1557
1447
1449
1449
1497
1581
1514
1579
1575
1481
1638
1593
1561
1518
1540
1610
1450
1442
1519
1462
1489
1539
1481
1390
1534
1435
1370
1450
1383
1486
1554
1514
1535
1525
1482
1539
1475
1518
1490
1541
1529
1492
1524
1428
1392
1438
1500
1390
1442
1404
1405
1371
1351
1396
1310
1310
1380
1353
1244
1286
1294
1233
1230
1276
1313
1291
1348
1278
1355
1309
1296
1267
1335
1279
1317
1354
1285
1319
1312
1310
1255
1272
1274
1200
1274
1232
1202
1208
1175
1181
1237
1195
1221
1278
1229
1276
1206
1183
1303
1231
1232
1204
1216
1178
1225
1204
1199
1211
1167
1211
1143
1208
1189
1285
1181
1166
1198
1176
1177
1236
1174
1096
1234
1138
1213
1211
1162
1184
1236
1201
1211
1156
1162
1183
1234
1206
1199
1197
1160
1185
1069
1239
1153
1096
1164
1222
1186
1157
1154
1204
1212
1126
1208
1246
1123
1202
1153
1196
1172
1186
1223
1178
1170
1203
1258
1241
1173
1258
1223
1148
1208
1152
1209
1257
1243
1194
1253
1267
1193
1132
1207
1175
1212
1189
1229
1193
1193
1140
1202
1149
1135
1136
1161
1178
1062
1097
1119
1088
1127
1079
1132
1085
1121
1117
1105
1123
1135
1132
1084
1131
1208
1122
1123
1153
1115
1071
1118
1119
1161
1147
1087
1213
1167
1106
1110
1148
1158
1150
1135
1171
1185
1172
1136
1126
1163
1204
1110
1133
1152
1134
1129
1074
1146
1149
1120
1088
1162
1123
1114
1051
1110
1081
1101
1092
1076
1073
1054
1079
1024
1040
1073
1115
1029
1069
1018
1074
1094
1029
1055
1016
1105
1113
1012
974
1002
968
1065
1075
1060
1016
980
990
1103
1105
1095
1133
1113
1191
1248
1237
1312
1308
1388
1489
1472
1593
1643
1675
1741
1679
1854
1829
1741
1759
1727
1673
1633
1573
1429
1482
1387
1284
1171
1112
1117
1044
1098
1015
1030
954
952
966
887
932
865
905
929
875
863
867
901
861
865
889
865
857
846
798
860
885
820
869
853
801
808
880
834
831
853
821
805
851
834
783
820
786
790
801
832
807
761
802
852
789
778
771
801
777
740
803
803
829
775
820
830
757
794
841
779
834
821
796
801
739
776
833
761
799
834
856
799
802
706
825
746
825
815
794
814
765
798
757
844
733
813
810
816
865
812
836
894
826
846
930
961
899
1003
996
945
982
1048
982
964
946
953
900
892
870
869
832
829
847
801
788
800
799
768
749
753
743
706
732
705
752
700
677
673
655
671
688
754
699
675
681
709
651
671
675
681
688
685
680
712
669
656
658
689
665
667
651
678
642
662
677
696
638
641
640
644
624
623
641
618
602
627
559
647
573
579
631
619
629
639
587
565
612
605
592
616
544
577
511
549
548
599
569
583
559
553
522
515
513
572
570
566
533
568
521
539
551
530
533
567
523
546
537
585
584
559
613
580
583
633
621
664
718
728
747
767
822
845
917
953
1033
1047
1119
1134
1082
1145
1163
1106
1147
1108
1032
1047
988
935
905
828
823
768
761
733
627
630
562
604
521
566
542
550
507
506
541
480
490
451
433
405
459
479
430
439
443
429
473
438
447
468
496
485
458
447
457
473
460
436
485
452
450
473
472
490
448
447
481
481
467
466
436
458
441
448
464
421
435
469
428
414
437
460
416
409
474
431
418
451
403
439
421
424
448
438
415
442
455
412
438
473
436
441
442
434
467
439
400
440
418
435
437
429
400
446
476
426
440
409
430
443
422
427
456
428
407
422
418
473
429
428
440
462
428
444
432
430
444
442
434
403
436
444
402
444
419
419
415
466
432
437
440
445
452
461
501
452
495
510
502
532
525
547
610
623
619
673
781
680
785
814
808
819
867
826
830
861
789
770
740
703
711
711
626
696
643
612
583
610
563
525
551
563
545
538
578
611
630
626
693
689
752
746
764
786
786
867
855
835
861
850
821
821
756
691
637
632
670
588
569
525
509
504
495
502
417
445
401
397
412
387
388
343
363
349
393
342
306
301
344
363
321
332
344
318
336
301
308
296
298
292
314
300
300
302
322
283
307
315
300
330
286
284
290
284
294
295
306
269
297
285
291
280
311
308
307
292
257
286
311
323
316
304
315
334
336
313
350
341
315
334
326
325
313
353
297
344
284
313
271
286
270
275
271
260
250
251
267
249
203
265
247
236
220
222
231
207
223
228
198
219
186
204
203
201
197
197
193
164
203
198
177
183
167
183
214
203
177
206
211
195
199
207
178
185
181
172
178
197
167
153
167
157
182
166
141
156
156
141
128
160
120
154
133
147
145
157
157
135
122
123
134
127
128
117
128
140
114
119
135
125
129
133
120
137
117
131
147
120
123
119
125
100
121
118
112
108
132
117
118
119
128
110
112
94
95
94
106
111
110
99
83
106
92
123
88
102
109
114
118
100
107
108
124
100
100
97
123
79
106
90
104
91
84
102
85
94
102
89
103
109
106
125
110
123
117
102
95
129
123
106
137
150
141
122
138
143
132
114
137
144
139
148
118
136
132
136
111
116
110
117
104
101
122
110
123
104
111
117
134
109
92
106
111
99
115
97
117
115
129
116
126
123
139
124
137
130
146
142
163
144
150
138
126
133
143
131
133
138
138
123
114
120
121
123
109
106
101
117
88
98
97
82
90
99
71
104
89
92
110
88
107
76
87
91
88
102
90
103
91
103
109
87
70
106
93
104
105
107
78
92
109
88
107
101
92
96
114
99
87
105
96
84
92
87
95
97
91
102
87
108
133
122
110
104
89
116
124
141
121
134
169
136
159
159
184
195
207
213
241
275
277
305
363
358
385
428
455
462
494
498
472
535
562
497
522
468
488
417
406
377
362
359
315
266
259
246
223
179
212
178
159
149
138
134
135
118
90
114
104
117
107
75
73
80
73
75
93
78
75
60
55
55
68
58
48
67
64
70
63
50
55
61
67
58
67
83
72
79
77
67
74
91
95
90
105
98
93
114
111
97
111
110
97
108
98
105
96
88
83
87
80
79
68
66
68
57
57
54
62
48
50
53
45
40
42
32
39
41
30
26
31
34
37
42
34
29
29
34
25
29
27
28
32
37
35
27
36
30
30
25
32
24
17
26
31
27
27
30
18
29
28
32
29
35
35
28
26
24
25
27
25
27
25
22
21
27
24
21
26
31
23
21
36
24
29
27
16
32
23
19
19
31
21
20
21
24
21
25
19
28
29
30
23
23
21
26
23
22
27
12
14
23
14
24
25
19
14
17
22
16
16
24
20
20
17
21
22
20
22
12
19
17
18
13
20
18
14
17
17
17
13
9
21
18
15
17
23
19
18
26
16
18
27
28
22
26
22
21
22
29
24
24
25
23
21
26
28
33
48
31
28
26
37
39
46
36
32
42
44
30
28
43
33
29
40
24
20
31
39
23
33
29
15
23
34
24
36
22
23
17
21
28
22
16
14
17
23
15
18
21
22
18
16
23
22
20
16
15
18
13
15
20
13
19
16
16
14
12
21
19
18
18
17
11
21
13
19
17
16
15
17
13
16
19
11
19
16
17
13
17
14
8
12
14
20
15
16
17
19
11
14
17
7
17
16
10
9
14
13
11
16
14
14
11
14
16
18
13
12
16
15
17
20
14
14
11
8
14
8
10
24
8
6
17
13
12
9
12
18
15
17
9
13
15
18
13
15
10
22
14
12
13
12
12
13
9
10
17
14
11
11
18
18
13
23
5
8
13
17
17
12
17
9
10
15
13
9
8
22
16
17
12
15
11
12
14
14
13
13
14
15
14
14
15
19
16
10
20
15
9
12
16
15
7
16
15
10
17
16
7
10
10
14
13
14
12
14
17
10
12
17
11
13
17
8
15
8
19
13
18
18
14
20
20
15
14
11
15
16
12
22
11
24
18
7
26
15
16
19
13
11
16
19
12
16
16
14
18
11
15
12
17
6
11
6
9
8
4
13
14
9
13
6
10
19
8
21
11
14
12
14
14
6
12
15
14
11
6
10
11
13
12
13
14
10
18
12
9
9
13
7
13
10
8
12
11
9
14
4
8
10
9
15
9
12
12
12
6
19
12
10
11
11
11
8
14
7
5
6
8
7
16
12
7
15
12
13
9
3
9
6
7
12
6
10
8
15
11
13
9
12
16
8
9
4
8
6
7
11
16
11
14
20
11
18
8
12
8
15
8
8
9
6
19
11
12
9
12
10
14
11
9
13
10
13
11
4
9
9
8
8
10
9
12
13
20
9
8
8
5
10
8
9
8
17
8
8
10
9
15
8
14
10
16
6
5
8
4
8
12
7
7
7
11
9
12
11
10
9
10
7
9
8
8
11
13
17
4
8
14
11
5
13
5
11
12
9
5
4
8
7
12
10
15
7
13
12
10
11
13
11
13
12
5
8
6
11
6
8
9
5
5
4
6
7
8
8
8
3
8
13
9
11
7
6
8
8
10
9
11
4
7
7
10
12
11
14
11
8
12
7
6
9
12
4
11
13
14
10
11
6
10
9
18
8
8
13
12
11
8
9
6
11
11
9
8
11
12
7
10
6
12
4
7
7
16
10
12
5
6
7
12
7
13
9
2
8
5
9
3
9
7
9
4
7
8
13
8
3
7
7
3
5
7
8
6
10
16
7
7
5
10
8
6
11
11
11
4
5
10
12
12
8
7
11
7
10
12
4
9
5
10
8
8
9
3
5
10
8
10
16
12
17
9
10
9
9
7
9
8
7
8
12
3
6
5
11
10
7
10
5
14
11
5
6
9
10
7
8
8
9
10
7
8
8
3
9
5
16
20
8
7
19
15
10
8
8
7
6
9
17
7
9
12
9
9
11
6
9
11
7
7
6
8
9
7
3
15
9
15
9
7
13
11
13
9
13
8
8
7
9
10
6
14
11
11
12
5
7
8
12
11
18
13
14
16
8
12
14
16
9
11
7
7
8
9
9
12
10
8
7
10
7
5
5
11
7
12
8
13
13
7
17
10
11
8
7
3
7
9
9
8
4
4
5
5
13
6
2
10
10
10
2
7
6
7
4
13
8
4
7
10
5
10
7
9
12
6
14
9
8
5
11
10
7
9
6
7
6
9
5
11
3
14
6
7
3
13
11
4
10
10
6
8
7
7
8
0
8
10
5
6
8
6
8
10
4
3
9
11
10
9
10
10
8
9
9
11
12
7
10
11
10
4
3
11
10
4
7
14
8
12
8
5
7
9
7
11
10
6
10
11
7
16
12
8
4
5
9
7
7
10
6
10
8
5
7
5
9
10
7
8
11
6
10
6
11
3
3
6
7
8
6
4
6
7
8
6
8
7
9
8
3
5
5
7
10
9
9
9
5
10
4
14
4
9
8
4
10
9
7
6
6
6
7
6
8
10
10
4
7
6
7
2
6
11
7
9
10
7
6
10
7
9
5
6
10
7
9
10
12
12
10
8
4
5
7
6
13
9
4
8
9
2
9
7
5
6
7
4
6
11
9
9
6
8
7
7
8
12
9
14
5
8
8
12
10
6
3
5
8
9
4
8
9
4
7
4
8
7
8
9
9
10
5
4
8
6
5
2
12
5
5
7
7
5
5
14
12
5
9
8
11
2
3
4
2
6
0
9
12
12
2
4
6
5
7
1
5
7
9
4
3
4
7
4
5
7
4
12
8
8
10
11
5
6
5
7
6
6
6
14
14
9
9
5
8
2
5
9
7
5
9
8
2
4
3
1
0
4
2
6
2
4
4
1
7
7
4
6
3
6
9
2
3
5
2
4
3
7
7
2
6
2
8
3
3
1
3
4
3
3
3
6
5
4
4
2
6
5
2
3
1
3
4
2
7
1
0
7
4
2
4
5
6
2
7
2
2
1
3
2
6
1
3
3
4
2
3
2
3
3
5
3
2
1
0
3
3
4
2
3
4
5
2
7
4
3
1
4
4
2
2
1
4
3
1
3
3
2
2
2
5
6
0
1
3
3
3
3
4
6
1
1
3
1
4
2
3
2
2
1
1
5
1
2
0
2
0
0
4
2
5
4
2
2
2
1
4
2
1
4
5
0
1
2
2
2
4
0
2
2
0
2
4
4
1
4
0
3
2
0
4
1
1
2
1
2
3
5
1
6
3
2
4
0
0
6
3
3
3
2
2
0
1
3
2
1
2
2
2
0
5
2
2
1
2
0
1
4
2
6
0
6
1
3
3
4
0
3
1
3
1
1
5
4
1
2
2
3
2
2
2
1
4
2
2
1
4
3
3
6
3
3
1
1
3
1
2
3
1
3
3
4
3
3
3
2
1
3
3
0
2
1
0
1
4
5
5
4
4
3
0
3
5
4
1
4
0
1
4
4
6
2
4
1
2
10
5
2
4
5
9
6
5
3
3
1
5
8
5
4
5
7
7
6
8
4
3
8
9
6
18
4
12
13
4
21
10
14
9
5
10
6
13
7
7
5
4
6
3
10
9
7
5
4
4
6
6
9
4
5
6
1
4
2
9
2
2
2
0
2
1
7
3
0
3
1
4
2
3
4
2
2
2
1
2
4
1
3
2
5
3
2
2
1
1
3
3
2
2
2
3
3
1
3
5
1
3
3
1
1
1
1
0
1
1
0
4
1
0
1
0
1
3
0
3
0
0
4
2
2
2
0
4
0
2
2
0
1
1
2
0
2
0
2
1
1
1
3
3
2
2
1
1
1
1
3
0
0
1
1
1
1
4
1
0
1
1
3
0
1
1
1
1
3
2
2
0
1
1
1
0
1
2
1
2
1
1
0
1
0
1
2
1
0
0
3
0
1
1
0
4
1
0
2
3
2
1
1
1
1
1
1
1
1
3
0
1
2
1
2
0
1
2
0
1
2
1
1
2
0
0
0
1
2
0
1
1
0
0
0
2
0
0
0
0
2
2
1
1
2
1
0
0
1
1
0
1
0
0
3
0
1
0
1
2
1
1
0
0
1
1
1
1
1
0
1
1
1
1
1
2
3
1
0
0
1
4
1
1
4
4
1
0
0
4
0
3
2
0
1
1
0
2
1
0
0
0
2
0
1
1
1
1
2
2
0
0
1
2
2
1
2
1
1
1
0
2
0
1
0
1
1
3
1
0
0
0
1
1
3
1
1
1
0
0
2
2
1
0
2
0
3
1
2
2
1
1
0
1
1
0
0
0
0
2
4
1
0
4
1
3
0
4
0
1
1
1
4
1
2
2
0
1
3
1
0
0
1
2
1
0
3
1
1
1
1
1
1
1
3
2
0
0
0
0
3
1
1
3
1
0
1
1
1
1
0
0
0
0
2
0
0
1
1
0
1
0
0
1
1
1
0
0
0
2
0
1
2
1
1
0
0
2
1
1
1
0
1
1
3
1
1
2
0
1
1
2
0
3
0
1
2
2
1
0
1
1
0
1
1
0
1
2
1
6
4
1
0
1
0
2
1
1
1
6
0
0
2
1
0
2
1
0
2
1
1
0
3
1
1
1
0
1
1
2
1
1
2
1
0
1
0
0
2
1
1
1
1
0
2
0
3
2
2
4
0
3
0
0
1
2
2
2
0
3
4
2
1
0
2
0
0
1
1
0
0
0
0
1
2
0
3
0
0
1
1
1
1
2
3
1
1
1
1
0
3
1
1
1
2
1
4
2
1
2
2
1
1
1
2
0
2
0
1
2
0
1
2
3
1
2
1
0
1
1
1
3
1
0
3
1
1
1
0
2
1
0
1
2
0
2
3
1
2
2
1
0
0
0
3
2
2
0
0
1
0
1
1
1
2
1
1
1
1
2
1
1
2
0
2
1
0
0
0
1
1
1
1
1
1
1
0
2
1
2
1
0
0
1
0
$ENER_FIT:
0 1
$ENER_DATA:
0
