$SPEC_REM:
PSpect
ID: 
\\VBOXSVR\oliverb\Desktop\152Eu1LayerAluminium.spe
$DATE_MEA:
09/07/2020 15:45:59
$MEAS_TIM:
259000 259124
$DATA:
0 4095
0
0
0
0
0
0
0
0
0
0
0
0
0
0
0
0
0
0
0
0
0
0
2
3
36
183
650
1680
3703
7089
10968
15947
20596
25720
29920
34832
38607
43434
49013
53251
59859
66056
73337
80667
77308
59017
77689
104113
134849
155908
159296
151812
141918
134395
127577
123998
118671
113625
108274
102389
92197
86486
78177
70085
61900
55740
48818
44422
39811
36450
34393
31963
30846
29582
28993
28497
27906
28396
28287
28838
28622
29151
29481
30121
29935
30689
30814
31311
32016
32306
32541
32621
32641
33296
33870
33868
34273
34974
35024
35391
34944
35678
36884
36577
36915
37251
37552
37363
37955
38320
38590
38984
39269
39227
39404
39919
39337
39751
39756
39709
40294
40125
40337
40307
40259
40683
40701
40538
40662
41727
41928
42130
41588
41357
42378
42259
42571
42196
42358
42534
42476
42792
43179
43191
43183
44244
44310
45281
45394
46489
48235
49625
52035
54588
56959
61480
64399
69767
74272
78088
82002
86259
87461
88275
86811
83756
80017
74784
68184
61895
54588
47921
41142
36593
32243
28341
25616
23451
21702
20650
19470
19117
18824
18397
18133
18207
17753
17940
17767
17818
17670
17694
17412
17680
17338
17608
17292
17199
17400
17259
17419
17016
17042
17134
16678
17091
16588
16685
16528
16385
16282
16224
15782
15875
15977
15878
15417
15749
15333
15447
15241
15096
15164
14662
14456
14705
14374
14506
14043
14305
14304
13980
13940
13966
13757
13619
13445
13557
13311
13283
13279
13061
13143
13123
12733
12926
12934
12848
12801
12814
12698
12472
12400
12232
12296
12231
12005
12051
11968
11925
11975
11860
11723
11733
11733
11610
11440
11647
11393
11379
11469
11178
11245
11351
11170
11079
10915
10786
10768
10725
10981
10664
10873
10779
10559
10560
10552
10509
10618
10479
10305
10546
10174
10142
10348
10243
10316
9998
10163
10027
9847
9996
9834
9864
9826
9943
9944
9820
9733
10041
9962
9925
9750
10067
10077
10230
10179
10536
10752
11172
11629
12298
12579
13337
13555
14424
14883
15161
15298
15090
15225
14702
13938
13132
12525
11845
10710
10243
9489
8751
8049
7682
7293
7027
6657
6608
6454
6330
6047
6096
5999
6001
6073
5833
5799
5812
5691
5877
5831
5730
5836
5724
5721
5688
5623
5611
5594
5775
5696
5500
5599
5532
5542
5650
5555
5508
5443
5463
5362
5487
5242
5412
5277
5366
5332
5281
5336
5404
5210
5297
5386
5390
5657
5619
5551
5520
5616
5661
5628
5511
5547
5380
5424
5507
5448
5309
5377
5366
5451
5224
5236
5210
5406
5168
5276
5116
5349
5267
5234
5393
5317
5468
5520
5401
5487
5406
5715
5778
5576
5744
5817
5982
5954
5966
6060
6202
6082
6309
6398
6229
6293
6351
6048
6210
6250
6128
6316
6202
6405
6726
7141
7413
7942
9126
9896
11079
12134
13408
14403
15551
15991
17137
17582
17583
17037
16692
15877
14760
13455
12185
10840
9573
8567
7524
6774
5859
5257
4819
4400
4092
3775
3621
3578
3437
3280
3371
3219
3095
3162
3175
3110
3132
3206
3130
3152
3085
3067
3104
3033
3068
2903
2941
2849
2839
2741
2721
2728
2668
2624
2594
2585
2664
2633
2707
2603
2588
2520
2613
2598
2625
2538
2554
2593
2525
2605
2593
2579
2446
2465
2506
2555
2503
2448
2466
2420
2334
2414
2367
2465
2469
2517
2468
2614
2556
2651
2751
2759
2852
2956
2964
3004
3051
3095
3151
3048
3034
2951
2980
2781
2773
2749
2698
2522
2538
2509
2440
2378
2385
2335
2371
2205
2243
2104
2138
2228
2195
2171
2152
2196
2178
2138
2222
2205
2247
2187
2303
2322
2351
2414
2524
2538
2592
2812
2789
2882
2925
2875
2957
2901
2785
2814
2711
2549
2509
2437
2373
2202
2231
2141
2092
2120
2035
1991
1977
1952
1931
1936
1962
1906
1885
1858
1917
1919
1962
1918
1787
1889
1851
1935
1799
1848
1849
1847
1863
1765
1860
1812
1836
1811
1873
1817
1778
1894
1809
1822
1851
1842
1852
1814
1836
1848
1860
1827
1866
1850
1884
1894
1869
1895
1929
1880
1843
1942
1852
1898
1831
1765
1849
1768
1865
1828
1749
1777
1710
1765
1823
1685
1806
1766
1714
1805
1691
1841
1778
1775
1687
1808
1758
1741
1774
1690
1760
1726
1682
1722
1647
1722
1760
1701
1680
1686
1695
1680
1641
1669
1548
1650
1794
1639
1652
1655
1616
1631
1694
1673
1695
1648
1729
1635
1620
1555
1681
1666
1652
1542
1606
1743
1554
1576
1568
1601
1715
1606
1607
1664
1653
1584
1587
1614
1528
1589
1592
1640
1630
1622
1607
1603
1654
1603
1600
1684
1670
1713
1666
1690
1604
1699
1672
1590
1680
1622
1683
1648
1594
1701
1617
1540
1584
1614
1632
1555
1583
1545
1578
1612
1585
1530
1598
1598
1609
1510
1565
1600
1583
1612
1614
1569
1640
1507
1556
1539
1519
1566
1568
1485
1478
1450
1484
1481
1436
1364
1396
1369
1412
1381
1340
1368
1281
1432
1414
1360
1383
1403
1359
1385
1429
1358
1395
1392
1396
1379
1416
1384
1447
1370
1380
1378
1332
1304
1323
1336
1307
1289
1322
1316
1262
1338
1195
1244
1301
1350
1285
1228
1250
1284
1243
1299
1263
1313
1293
1268
1277
1191
1242
1234
1292
1281
1323
1265
1261
1243
1280
1294
1261
1241
1235
1265
1250
1227
1217
1236
1212
1298
1273
1252
1291
1238
1274
1293
1299
1251
1312
1275
1314
1185
1277
1286
1231
1315
1208
1205
1256
1182
1246
1176
1232
1263
1251
1264
1330
1226
1266
1277
1317
1307
1259
1205
1330
1271
1330
1358
1279
1371
1299
1295
1248
1334
1247
1263
1304
1322
1337
1360
1254
1312
1323
1311
1300
1313
1303
1292
1325
1209
1317
1225
1256
1215
1216
1208
1213
1153
1185
1249
1180
1260
1159
1188
1249
1159
1211
1212
1209
1192
1192
1181
1220
1236
1216
1257
1210
1210
1217
1244
1250
1178
1205
1297
1213
1243
1272
1229
1228
1175
1250
1264
1234
1255
1216
1252
1183
1237
1237
1146
1271
1270
1232
1216
1197
1209
1276
1220
1233
1202
1193
1238
1182
1186
1207
1216
1175
1199
1138
1162
1165
1159
1214
1133
1154
1242
1157
1194
1193
1171
1108
1192
1220
1137
1191
1180
1165
1159
1183
1145
1165
1205
1152
1207
1261
1211
1257
1294
1263
1223
1389
1385
1376
1542
1560
1656
1765
1823
1916
1993
2066
2069
2090
2157
2053
2078
2015
1907
1785
1741
1709
1620
1538
1389
1244
1320
1155
1104
1159
1096
1067
1059
1060
1036
985
1012
945
881
917
1005
971
921
970
898
906
966
948
894
920
877
878
883
907
998
906
920
973
895
932
899
890
941
921
914
898
956
820
834
886
884
876
896
868
908
874
906
899
837
902
870
889
849
845
890
877
836
830
859
867
889
894
870
832
894
909
879
883
869
811
812
850
850
903
864
906
819
844
860
826
863
898
872
805
885
926
897
923
919
903
942
924
917
998
952
1034
1017
1038
1094
1073
1110
1097
1074
1108
1037
1073
1116
1052
1094
1080
937
1000
929
928
911
845
818
802
853
818
804
789
774
787
776
800
760
748
783
775
776
745
748
764
700
718
757
714
717
737
705
733
684
707
707
736
692
730
723
694
699
705
744
738
730
676
651
701
714
680
704
736
694
684
697
718
705
726
688
672
625
731
624
644
649
633
611
618
596
644
675
663
651
644
624
602
597
642
597
555
659
625
592
606
592
613
574
617
603
595
607
607
621
573
632
598
611
600
596
601
630
601
647
618
683
649
725
754
734
800
851
913
938
979
1119
1067
1173
1180
1288
1297
1337
1341
1353
1341
1314
1306
1238
1156
1099
1059
980
916
883
845
799
747
733
680
623
577
673
550
576
524
563
504
552
535
546
498
515
503
511
514
486
499
497
482
474
496
480
490
509
480
487
466
507
495
481
493
480
478
450
477
488
456
517
512
468
480
472
508
470
471
484
456
475
458
474
490
472
466
465
492
559
494
465
471
458
441
444
466
523
473
462
437
452
463
481
502
462
481
469
486
469
480
477
466
501
475
495
473
464
472
479
488
490
470
474
446
503
511
469
476
475
479
463
498
493
492
467
461
500
464
495
487
489
501
494
506
464
449
519
492
486
482
538
501
505
503
544
465
481
526
578
504
520
516
545
559
652
586
585
661
660
766
733
816
823
845
929
864
932
917
1020
986
960
947
888
912
897
861
774
784
746
711
650
640
640
642
600
603
608
580
585
614
628
667
677
663
717
771
835
864
892
897
944
965
955
1012
1014
930
913
835
877
860
828
774
703
651
637
578
604
555
519
494
443
442
434
436
456
411
393
399
409
373
324
396
377
338
353
349
335
367
367
392
372
338
348
348
359
350
301
307
325
312
347
328
315
333
322
304
344
350
333
284
317
339
301
344
322
306
343
358
323
338
319
323
348
347
351
345
355
325
350
345
344
346
345
367
343
356
370
365
337
306
341
359
355
350
320
301
300
305
274
306
302
282
304
270
251
267
250
261
249
241
244
223
230
223
210
212
195
239
185
207
211
223
199
210
189
199
191
194
219
214
188
223
207
208
200
221
225
221
204
223
231
193
201
197
197
186
179
161
173
182
165
157
161
162
160
171
145
143
158
159
161
163
161
140
153
160
148
142
159
136
121
149
123
131
144
139
143
152
147
134
118
136
128
141
118
145
128
149
131
134
119
134
118
109
132
126
115
132
108
123
114
111
113
128
116
117
111
114
106
101
107
112
96
98
105
123
110
99
115
114
94
140
117
123
89
107
126
107
98
125
98
108
108
98
111
121
113
104
91
117
115
134
129
120
146
130
138
137
134
130
145
133
144
144
184
154
132
153
150
130
149
128
155
122
110
103
134
119
115
99
106
105
136
109
143
87
124
116
107
116
119
119
110
121
122
115
128
121
132
137
149
150
149
142
164
137
150
151
165
134
161
163
150
137
148
122
129
121
112
118
123
106
126
107
126
114
108
111
102
119
98
104
109
88
104
97
88
108
113
100
108
106
99
92
106
107
114
117
115
96
85
93
106
106
107
90
110
120
105
99
90
111
100
110
100
112
110
111
127
125
103
141
114
116
125
117
109
116
124
130
142
141
137
139
143
150
140
156
156
195
213
212
212
255
266
274
331
344
372
410
432
481
528
526
601
569
626
629
611
617
558
625
540
532
449
427
428
358
312
326
277
230
225
191
192
174
170
142
141
139
128
130
97
111
101
84
104
106
77
83
78
76
87
82
60
62
77
63
73
57
71
74
62
49
70
66
65
52
58
80
74
69
73
64
86
61
75
81
108
98
99
91
122
114
123
120
116
113
125
122
111
116
107
100
102
73
87
76
78
58
86
64
55
49
45
48
44
50
45
39
31
39
34
38
38
39
38
45
35
26
32
23
24
29
26
20
31
30
31
31
30
36
26
24
26
31
23
33
35
27
31
23
40
19
27
17
22
16
27
30
28
23
32
34
28
23
28
27
21
27
22
18
26
25
32
33
31
30
29
28
25
28
30
28
22
22
21
28
23
36
23
24
21
21
28
16
22
21
24
23
28
20
22
16
15
21
21
16
15
19
15
19
15
22
19
19
18
17
17
28
15
19
18
15
22
20
18
18
17
19
19
21
18
15
29
18
14
13
28
17
28
15
10
21
22
10
21
23
30
26
20
33
27
26
22
18
27
30
24
16
31
21
22
35
24
34
27
40
30
31
37
45
36
40
24
48
42
39
32
36
29
33
40
25
27
23
23
31
15
23
21
16
23
17
20
14
22
21
21
22
21
16
18
24
16
17
20
14
12
25
25
15
16
15
19
14
25
26
19
12
15
23
13
18
11
20
18
26
18
12
16
19
11
15
18
17
20
18
19
16
15
11
17
20
12
16
10
24
16
19
14
14
18
16
14
12
9
12
22
16
13
9
7
12
14
11
10
16
9
10
10
16
17
12
10
15
21
5
4
13
18
16
8
14
15
14
13
8
17
12
17
19
6
14
10
11
13
11
11
20
9
20
11
13
12
14
17
17
10
13
17
14
9
13
15
13
11
12
15
15
15
18
15
15
15
13
14
11
13
18
10
17
18
13
3
18
12
11
11
9
16
14
14
16
13
16
15
14
18
14
14
14
13
20
14
12
8
16
10
15
7
14
10
17
13
14
10
8
8
22
10
11
11
10
16
10
10
11
12
15
17
18
13
12
20
18
13
18
20
15
13
20
16
12
14
13
20
13
16
16
20
18
18
21
12
20
24
16
15
12
15
18
16
18
9
11
14
15
10
12
7
10
11
13
10
12
13
10
13
8
6
13
10
14
11
5
10
9
11
10
12
14
10
8
9
10
7
11
11
10
10
8
11
12
18
10
9
13
12
13
10
10
15
12
11
7
13
8
8
14
12
10
8
9
12
9
11
7
14
10
7
12
12
11
8
8
15
6
9
10
15
11
16
11
12
10
8
7
6
19
11
14
10
10
9
10
9
13
18
10
8
10
7
16
13
18
12
14
12
12
17
10
8
10
14
8
15
14
17
15
6
13
6
5
9
14
13
12
9
15
14
12
3
7
12
10
12
14
16
9
8
14
13
12
5
14
6
14
5
9
9
15
6
13
9
14
7
7
8
9
11
12
8
7
16
9
12
9
11
11
9
8
8
12
9
6
11
15
11
10
7
14
13
16
17
10
8
12
7
4
9
18
11
18
8
13
10
13
9
8
9
5
10
15
8
10
3
8
12
9
8
7
17
12
10
8
8
12
6
9
6
6
13
10
8
9
12
11
5
11
5
13
11
10
7
14
6
14
9
6
11
12
18
12
12
11
8
11
5
14
5
9
10
8
12
9
9
7
9
9
6
11
7
6
4
9
9
5
10
9
12
10
11
9
8
10
13
7
11
6
10
10
4
8
8
7
8
4
6
9
5
6
5
5
11
10
6
18
6
7
8
6
8
6
14
5
9
6
7
7
10
6
11
12
8
12
7
8
11
7
5
12
8
11
5
2
13
12
3
6
9
9
12
7
5
14
9
9
6
10
5
5
8
9
10
9
6
6
13
13
8
3
7
6
4
7
9
11
8
10
5
9
7
7
8
8
5
6
9
7
8
4
7
8
10
6
11
7
2
6
5
6
8
14
12
12
11
8
7
15
12
6
11
11
10
10
11
3
8
7
10
12
10
12
11
12
6
10
13
6
10
13
8
7
12
10
8
14
9
7
12
6
11
9
14
14
10
10
9
11
12
10
10
10
10
12
12
13
7
7
13
8
14
18
13
12
9
7
12
16
10
11
10
8
6
9
9
5
4
9
10
10
12
7
9
4
9
4
6
11
8
13
7
6
10
7
11
9
7
11
10
7
12
10
10
10
17
9
6
7
10
1
8
10
7
11
3
8
7
9
12
9
1
7
7
5
5
9
9
6
12
6
4
10
3
4
15
10
7
9
5
16
4
8
6
2
10
9
3
7
11
6
9
7
7
8
8
6
7
9
6
11
11
7
12
8
8
9
6
8
7
10
8
7
8
8
6
10
6
7
7
12
6
10
4
11
8
14
7
13
7
9
11
11
14
7
13
12
5
8
9
8
6
17
6
6
10
8
6
5
5
6
11
9
9
5
5
11
11
7
6
6
4
9
7
8
8
7
6
3
11
7
11
12
6
4
11
3
7
5
6
10
5
9
5
6
10
6
11
6
5
7
3
11
11
12
6
8
6
8
8
5
4
8
5
6
7
12
6
8
10
12
4
5
6
10
8
7
6
4
15
5
8
5
11
13
9
9
5
7
12
7
3
4
5
9
8
5
6
9
6
6
10
6
8
8
9
12
8
8
10
4
6
13
7
12
6
5
8
4
7
8
10
8
7
4
6
5
7
6
6
7
10
5
10
3
8
7
12
5
6
10
5
7
8
9
5
4
7
11
7
8
7
15
5
7
5
5
8
9
8
8
8
7
8
5
6
13
5
2
3
5
11
8
11
9
5
6
6
7
10
11
9
6
8
4
4
4
8
7
7
4
4
5
9
9
5
5
9
9
10
6
4
7
5
5
6
7
6
6
2
10
8
5
8
4
5
2
7
4
6
0
4
2
9
2
8
4
9
2
4
7
3
1
2
4
1
5
7
4
2
4
2
5
5
6
2
4
5
4
2
3
3
3
2
4
3
7
6
3
4
5
6
5
0
5
5
1
4
5
5
5
3
4
2
3
2
3
3
4
2
1
7
3
0
6
1
2
4
2
2
3
4
2
4
4
0
1
2
0
3
5
7
6
6
2
4
5
6
4
5
1
2
3
7
5
1
4
4
1
4
2
4
4
5
1
5
4
3
4
3
2
1
2
0
4
3
1
0
0
4
3
4
2
1
1
1
3
4
1
1
0
1
0
4
4
1
5
5
6
4
1
2
0
1
3
3
6
1
5
1
1
2
4
3
3
3
4
1
3
3
2
3
3
1
4
6
0
4
3
1
2
1
3
6
3
2
2
2
6
2
3
5
2
4
2
1
4
3
1
2
2
3
3
2
1
2
3
4
5
0
0
3
1
0
6
2
3
1
3
4
2
6
5
2
3
2
2
2
2
2
1
3
2
3
2
4
3
1
1
4
1
3
3
1
5
2
2
2
2
4
2
3
3
1
1
7
3
6
1
2
2
2
2
8
4
3
5
3
2
7
2
1
0
6
2
3
5
4
0
3
3
6
6
3
1
6
4
2
6
6
2
2
3
3
5
2
9
4
8
5
8
7
7
3
10
7
12
9
11
11
17
17
13
5
13
16
11
13
12
10
6
5
6
6
7
8
6
1
4
1
4
3
3
7
4
5
3
5
3
4
2
1
6
1
3
4
2
1
1
1
1
3
2
1
1
2
1
1
0
2
2
1
1
1
2
4
1
2
2
3
1
2
0
3
0
2
1
2
1
3
0
1
2
1
0
0
1
3
1
0
2
2
4
3
1
0
1
1
0
0
0
0
2
3
0
1
1
2
1
2
3
0
4
2
1
2
3
0
2
0
2
3
0
2
2
3
1
2
2
1
4
0
2
0
0
1
1
4
1
1
1
0
1
1
1
1
2
3
1
2
2
3
0
0
1
3
1
0
3
3
0
1
1
0
2
1
0
3
1
4
2
2
4
0
0
2
3
1
1
1
1
0
0
1
0
1
1
1
0
2
2
3
1
3
2
0
3
1
1
1
0
1
2
1
2
0
1
1
2
2
1
2
2
1
0
1
1
2
1
2
1
2
0
0
1
2
1
1
2
1
1
3
1
1
0
1
4
3
0
2
1
0
1
0
1
1
3
1
3
0
0
1
1
1
2
0
1
2
1
1
1
1
1
0
2
0
1
1
3
0
2
1
1
1
2
1
2
1
2
0
0
0
2
1
0
0
1
0
3
3
0
0
1
2
3
2
1
0
1
1
1
0
3
0
1
0
1
0
1
1
0
1
4
1
0
2
4
1
2
3
1
1
0
0
1
3
4
2
2
1
1
1
0
1
2
2
1
0
4
1
0
1
2
0
2
2
2
0
1
0
1
1
0
1
0
0
2
0
1
2
0
1
0
1
3
2
0
1
1
2
1
1
1
0
1
0
2
1
1
0
0
1
3
1
2
1
3
1
4
0
1
0
0
1
0
1
2
3
0
2
0
0
1
1
0
1
2
1
0
0
1
0
1
0
0
0
2
0
2
0
0
1
0
1
2
0
0
1
3
1
3
0
0
3
1
0
0
0
2
2
0
2
2
2
1
1
0
0
4
2
2
1
3
2
0
1
0
2
0
3
1
1
0
1
0
0
1
1
0
0
2
2
1
0
1
1
2
2
0
2
1
2
0
2
1
2
0
1
2
1
0
1
1
2
0
3
1
1
1
2
1
3
1
0
0
0
0
2
1
0
0
4
2
2
1
1
0
2
0
0
1
4
1
0
0
1
0
0
1
1
3
4
2
1
0
1
1
1
1
3
2
0
1
1
2
0
0
0
1
0
1
0
0
2
2
1
0
1
1
1
2
4
1
0
0
0
0
0
3
4
2
0
0
4
1
0
0
2
0
1
3
0
0
1
2
0
0
1
1
0
2
2
2
0
2
0
2
1
2
4
0
2
2
1
1
0
0
1
1
0
0
1
0
1
0
1
1
1
0
3
1
0
0
0
1
1
2
1
0
0
1
3
0
0
0
0
2
$ENER_FIT:
0 1
$ENER_DATA:
0
