$SPEC_REM:
PSpect
ID: 
\\VBOXSVR\oliverb\Desktop\152Eu3LayersCopper.spe
$DATE_MEA:
09/03/2020 15:46:46
$MEAS_TIM:
345439 345516
$DATA:
0 4095
0
0
0
0
0
0
0
0
0
0
0
0
0
0
0
0
0
0
0
0
0
0
0
2
15
53
238
642
1424
2684
4218
5991
7597
9478
10746
12346
13410
14641
15774
16512
17689
18273
19373
19777
17909
12040
15335
19796
25590
28500
28031
24243
21277
19647
19053
18505
18736
18720
18797
19457
19399
19981
19847
20275
20055
20336
20032
20206
20022
20293
20415
20467
20563
20518
20951
21064
21100
21167
21417
21574
21377
22126
22152
22251
22292
22912
22839
22974
23215
23397
23441
23672
23661
23919
24035
24296
24547
24564
24871
24751
24651
24703
25178
25370
25110
25221
25314
25390
25353
25187
25443
25543
25439
25508
25800
25532
25278
25622
25524
25440
25509
25518
25572
25430
24974
25106
25489
25193
25245
25416
25140
25084
24867
24606
25191
25398
24759
24877
24746
24565
24521
24465
24395
24403
24175
24036
24181
23822
23525
23674
23352
23586
23539
23420
23362
23328
23296
23533
23226
23519
23310
23371
23447
23261
23249
22907
22664
22575
22638
22466
22119
21740
21444
21799
21549
21474
21233
21256
20888
21195
20676
20728
20732
20572
20465
20771
20337
19941
20176
20089
20027
19806
19859
19957
19707
19455
19407
19407
19442
19142
19140
19145
19206
18755
18500
18589
18540
18575
18130
18373
18081
18122
17747
17590
17841
17516
17460
17255
17490
16948
16804
16820
16920
16537
16382
16520
16410
16008
15945
15968
16086
16041
15811
15641
15465
15494
15240
15332
15306
15123
14865
14753
14898
14856
14804
14820
14499
14544
14507
14508
14392
14141
14018
13977
14063
14062
13435
13969
13728
13680
13214
13356
13282
13159
13204
13011
13022
12876
12652
13043
12645
12605
12729
12587
12375
12395
12073
12291
12144
12146
11931
11931
11726
11943
11717
11892
11810
11547
11275
11461
11442
11404
10939
11181
11262
10914
10989
10784
10792
10679
10770
10466
10453
10548
10446
10704
10264
10299
9999
10386
9967
10097
10155
10022
9843
10048
9994
10195
9973
10138
10195
10180
10206
10487
10471
10493
10345
10431
10371
10077
10100
9785
9604
9330
9106
8709
8590
8430
8111
7862
7740
7732
7483
7476
7355
7159
7161
7114
6994
7020
6971
7076
6875
6896
6822
6775
6569
6666
6648
6689
6735
6625
6566
6545
6514
6521
6376
6412
6375
6290
6102
6295
6193
6302
6191
6093
6113
6154
6049
5974
5928
6026
6080
5908
5820
5952
5837
5797
5930
5964
5824
5955
5723
5785
5844
5705
5778
5758
5717
5753
5652
5738
5677
5564
5441
5546
5388
5539
5387
5424
5489
5360
5205
5310
5254
5173
5288
5248
5187
5196
4976
5089
5179
5081
5125
5123
5251
5193
5190
5245
5138
5070
5204
5178
5136
5218
5114
5120
5195
5185
5204
5219
5316
5198
5079
5077
4957
5057
4989
5058
5103
5444
5599
5765
5914
6272
6754
6952
7369
7687
7896
8052
8295
7960
7853
7925
7589
7009
6588
6239
5583
5395
5027
4673
4391
4346
3965
3909
3833
3613
3444
3403
3321
3320
3303
3313
3230
3225
3195
3069
3172
3104
3092
3017
3067
3172
3132
2992
3098
3013
2996
2925
3018
2907
2892
2905
2839
2801
2796
2682
2823
2801
2808
2725
2723
2727
2711
2743
2755
2862
2691
2702
2681
2704
2651
2754
2672
2691
2600
2609
2588
2641
2681
2608
2572
2505
2579
2548
2558
2620
2568
2549
2536
2637
2633
2569
2571
2657
2709
2645
2616
2604
2718
2740
2729
2669
2553
2568
2568
2637
2444
2462
2377
2465
2438
2348
2240
2319
2330
2323
2295
2272
2284
2235
2274
2232
2176
2284
2254
2164
2249
2192
2225
2289
2206
2201
2205
2238
2271
2330
2280
2361
2322
2316
2465
2462
2341
2438
2484
2389
2391
2383
2341
2291
2135
2276
2146
2121
2035
2100
1993
2035
2017
1999
1940
2019
2007
1954
1984
1994
1978
2046
1961
1936
1992
1917
1943
1908
1813
1937
1926
1858
1824
1941
1905
1823
1889
1875
1892
1819
1849
1846
1914
1865
1752
1835
1834
1733
1844
1827
1861
1885
1838
1817
1843
1883
1844
1850
1759
1851
1716
1843
1804
1811
1831
1742
1786
1806
1811
1686
1740
1712
1715
1811
1798
1671
1717
1819
1752
1740
1781
1785
1737
1753
1725
1678
1704
1707
1756
1703
1770
1698
1649
1662
1674
1651
1590
1619
1608
1639
1587
1638
1588
1592
1709
1565
1617
1579
1598
1544
1615
1668
1598
1623
1561
1538
1571
1563
1600
1615
1563
1512
1497
1622
1511
1568
1513
1541
1466
1545
1581
1596
1506
1561
1533
1584
1485
1465
1496
1491
1501
1420
1494
1538
1493
1497
1519
1516
1517
1522
1526
1596
1496
1472
1488
1578
1514
1519
1509
1536
1532
1574
1452
1454
1457
1523
1451
1500
1385
1468
1451
1409
1527
1470
1472
1493
1531
1517
1476
1494
1473
1540
1518
1534
1467
1536
1482
1522
1449
1440
1375
1447
1412
1329
1394
1343
1344
1335
1331
1440
1313
1348
1340
1255
1304
1335
1314
1377
1301
1301
1363
1322
1373
1357
1344
1278
1291
1380
1351
1387
1327
1365
1410
1361
1311
1271
1231
1296
1239
1207
1175
1221
1200
1229
1239
1210
1189
1190
1240
1228
1199
1188
1250
1162
1114
1215
1189
1226
1187
1226
1157
1164
1154
1181
1169
1192
1124
1155
1171
1149
1217
1098
1205
1156
1101
1241
1153
1100
1197
1184
1142
1124
1183
1071
1181
1104
1084
1145
1103
1148
1117
1122
1073
1194
1159
1048
1180
1128
1121
1136
1075
1111
1092
1108
1184
1090
1146
1113
1082
1136
1077
1116
1190
1145
1061
1135
1133
1175
1116
1071
1055
1090
1081
1143
1104
1121
1064
1120
1113
1071
1104
1139
1137
1082
1107
1087
1092
1173
1068
1122
1045
1020
1085
1033
1091
1042
1145
1054
1048
1090
1051
1039
1009
1057
1035
1024
1024
1040
1072
1052
1055
1019
1048
1076
1014
1006
1032
1040
1017
1029
995
1005
1050
1072
1040
1030
1027
1047
1057
1095
1081
1020
981
1094
1050
1041
1021
1024
1015
991
1028
989
982
1036
1090
1051
991
1005
1027
972
990
997
1081
994
1028
990
953
988
983
991
1047
1019
1038
981
985
970
973
1042
1019
969
978
959
956
1036
917
975
1000
923
981
929
922
976
959
894
939
959
990
978
948
975
1002
988
1097
1007
1101
1043
1111
1163
1202
1222
1252
1344
1369
1357
1395
1350
1392
1405
1408
1409
1360
1238
1222
1170
1111
1086
1034
977
989
879
895
848
914
831
875
807
833
903
784
789
792
826
794
820
783
756
828
817
782
777
780
789
812
860
757
801
741
737
739
723
755
744
760
746
744
795
749
777
743
723
769
759
716
753
715
758
720
753
747
722
782
727
719
747
786
751
718
746
776
757
721
790
716
744
701
744
741
745
698
759
749
703
744
716
740
672
736
744
753
721
715
702
755
676
757
738
750
758
715
762
776
748
765
746
770
776
792
842
778
817
855
823
861
802
889
837
871
798
751
796
795
789
683
753
728
699
719
708
662
696
695
673
670
647
628
645
626
632
627
630
667
603
609
627
652
602
629
628
625
577
584
615
589
606
622
602
524
588
599
589
565
587
582
604
614
610
601
580
608
601
615
559
654
605
567
644
611
598
554
571
600
581
572
557
586
584
568
559
535
617
552
565
556
541
536
500
561
583
539
509
528
552
527
528
528
513
538
512
531
503
520
508
498
535
498
526
501
551
534
530
504
523
514
555
511
525
548
541
584
619
609
625
630
668
702
720
732
853
864
896
943
907
953
962
964
920
914
862
911
864
768
685
718
651
629
592
573
580
523
527
491
508
453
476
447
451
447
434
440
411
422
436
404
411
407
425
434
408
401
389
408
440
429
390
419
459
420
404
394
417
386
432
425
454
411
423
435
413
412
387
425
424
440
414
400
445
428
374
405
444
400
371
412
404
429
382
415
402
402
390
395
384
435
391
400
398
428
416
395
422
372
388
409
411
420
395
372
379
415
395
394
379
425
392
416
422
389
357
411
364
421
392
385
400
399
407
378
389
395
381
411
347
388
416
396
396
376
384
462
425
415
393
409
448
415
407
402
429
390
382
416
424
371
422
404
425
418
401
420
432
418
421
456
456
448
460
544
535
544
612
623
634
610
656
678
648
664
646
682
649
668
618
657
587
565
596
516
536
465
481
485
448
443
424
453
425
417
456
479
446
531
478
544
570
544
588
657
634
688
685
678
668
725
672
671
603
598
589
613
538
515
507
493
479
422
388
396
397
369
341
349
331
347
299
323
317
324
337
283
311
300
295
320
304
289
294
277
274
300
303
307
304
280
305
276
252
271
262
276
242
303
248
311
269
248
272
284
275
307
268
301
271
255
288
283
280
243
286
254
292
299
299
269
312
295
312
306
324
322
318
342
301
390
316
307
317
316
313
338
344
312
296
289
264
235
277
246
254
228
240
252
231
204
238
218
210
194
226
228
209
203
205
212
182
189
177
200
206
171
189
183
176
183
188
166
161
174
185
209
180
172
191
169
181
201
171
164
176
169
174
177
167
160
209
174
154
159
151
147
153
143
141
167
134
150
148
133
134
145
142
135
131
117
123
122
136
127
134
127
126
119
142
132
130
120
139
134
121
133
135
131
116
111
111
123
111
108
127
114
105
105
97
110
89
118
114
115
118
101
101
134
111
113
145
111
101
133
92
108
110
103
96
79
91
88
110
105
81
98
112
108
102
122
116
118
96
71
102
95
104
101
94
102
98
102
98
113
111
108
102
112
132
122
135
102
110
129
115
107
142
117
110
101
144
122
92
130
119
93
108
97
117
113
103
118
97
93
105
126
110
106
100
103
102
102
101
127
106
98
105
115
121
92
134
122
112
113
139
149
172
158
172
152
150
179
183
170
146
165
143
170
154
157
119
143
153
133
104
123
103
106
116
108
120
93
109
101
102
101
98
100
93
122
84
89
90
91
91
84
112
72
112
104
99
71
85
98
107
96
93
82
97
73
65
82
111
98
88
91
89
91
93
91
90
87
92
112
96
94
117
99
100
120
113
97
113
102
90
114
115
122
121
117
119
132
139
126
141
152
183
159
183
225
220
236
225
289
298
333
328
341
378
414
422
408
490
423
420
412
375
394
382
298
297
294
244
217
210
186
180
160
153
141
112
132
104
95
97
99
87
102
90
90
100
74
64
73
60
72
62
62
56
65
56
66
65
61
69
59
69
68
54
52
55
63
55
69
78
59
65
79
69
81
94
87
79
98
118
110
114
108
144
135
112
130
123
123
96
145
110
103
103
125
93
99
90
81
82
64
69
64
58
47
49
55
45
55
37
48
45
29
54
36
39
33
46
33
35
32
34
40
31
34
40
37
29
26
23
31
30
32
36
40
32
32
27
32
37
35
22
35
32
44
25
28
26
28
30
27
26
29
29
34
39
27
38
30
34
29
26
31
24
24
32
22
25
29
32
27
19
24
26
29
22
37
23
34
34
21
34
24
24
29
41
24
38
27
34
15
28
19
19
26
28
25
30
14
23
25
12
23
20
24
24
24
27
21
25
24
21
21
31
18
26
25
24
21
21
15
24
25
22
35
25
17
24
17
24
20
28
18
25
27
28
27
33
24
31
14
36
30
29
31
24
22
25
27
19
28
37
27
44
37
39
40
37
47
52
66
54
57
53
46
51
56
52
38
46
46
44
34
33
38
31
35
41
23
21
36
27
35
18
23
25
20
24
29
23
30
15
13
21
24
22
26
15
23
27
17
19
18
12
27
14
26
16
14
18
19
19
18
16
27
23
22
16
19
21
14
14
20
11
23
29
20
10
24
26
19
21
13
25
18
22
22
15
24
11
11
13
15
17
14
12
6
19
17
18
21
23
17
19
22
20
13
20
16
13
22
22
20
20
25
20
14
13
14
19
16
24
24
25
23
17
18
15
22
12
20
15
17
15
21
21
13
24
19
9
12
23
19
18
20
19
14
15
19
18
18
10
11
12
8
18
19
16
19
18
13
9
14
14
22
20
12
22
14
13
18
22
13
11
16
4
8
24
14
12
13
12
8
24
12
20
18
12
18
20
18
16
19
20
12
18
19
19
11
5
18
15
14
16
12
15
14
14
11
25
19
18
24
17
15
21
19
17
17
9
21
20
14
21
24
15
17
17
15
17
22
23
18
17
22
22
14
14
32
19
28
24
27
25
21
20
17
16
19
18
18
20
14
12
14
13
12
21
15
15
14
13
19
12
10
16
18
11
20
10
11
7
11
18
15
16
18
14
10
8
16
15
11
14
12
10
12
16
17
20
12
16
14
10
15
20
17
21
19
17
14
13
21
14
8
15
15
11
8
9
17
14
20
16
14
12
14
25
14
13
11
13
12
10
7
16
11
14
12
9
14
20
14
13
12
8
9
14
12
14
14
10
18
7
14
12
20
17
16
12
9
12
7
16
12
11
11
16
9
12
12
17
15
11
11
17
16
15
6
8
19
21
14
15
15
15
16
19
13
15
17
14
13
13
16
18
16
14
17
14
17
14
12
9
13
8
15
22
17
11
11
11
13
12
16
10
12
13
13
8
13
13
15
14
17
11
13
15
14
9
13
13
12
6
10
11
12
19
14
10
10
7
16
11
16
7
11
7
9
11
9
7
17
12
24
17
8
12
17
9
13
9
10
12
7
15
11
22
12
9
8
15
17
15
11
10
9
13
10
11
13
7
11
12
13
4
10
8
9
7
9
13
13
19
9
11
10
11
15
16
10
10
11
21
7
9
11
17
11
8
7
7
10
9
13
8
11
19
5
18
11
12
18
10
16
12
15
15
16
11
14
9
8
9
17
12
10
11
15
12
15
8
11
13
15
5
6
17
12
22
5
8
11
9
13
9
16
7
17
6
11
11
12
9
6
13
13
9
15
13
12
13
14
10
5
8
9
12
14
14
5
15
9
10
8
12
15
14
14
6
14
13
10
5
19
11
10
9
11
13
8
11
9
8
15
15
11
10
11
13
9
14
9
18
7
10
6
22
12
14
14
16
6
15
15
12
8
9
17
16
10
11
15
16
8
12
12
9
8
8
9
14
6
9
8
12
10
8
18
12
15
9
21
15
7
12
16
16
12
12
12
6
11
12
13
10
15
9
15
10
7
16
17
13
7
10
10
18
7
9
14
2
12
10
8
17
13
20
11
9
13
15
13
11
5
11
12
21
18
13
11
14
15
15
16
9
16
11
13
13
19
17
9
19
9
14
12
7
14
14
16
14
10
6
14
8
7
17
8
11
7
7
12
9
14
5
11
10
7
12
14
13
9
13
9
11
12
10
13
6
14
7
9
13
9
12
15
17
12
14
14
11
9
9
4
12
10
8
8
11
17
16
8
10
12
8
5
4
10
16
8
9
8
13
11
8
12
9
15
5
9
15
5
9
10
10
5
13
12
13
7
9
14
9
11
11
13
8
8
8
4
13
13
7
10
6
13
15
6
11
17
7
15
10
17
13
10
9
15
12
17
16
3
10
12
12
9
13
6
7
5
8
15
9
10
17
8
14
14
11
8
18
9
12
10
15
13
12
13
12
7
11
8
12
6
7
12
8
16
8
10
7
7
8
10
15
16
8
7
10
10
4
7
6
10
8
6
5
9
11
11
8
6
6
7
13
9
11
13
5
4
12
7
8
11
4
5
8
5
9
15
6
15
13
12
8
6
11
9
6
3
3
13
5
13
8
10
9
7
7
15
13
10
8
7
8
7
9
9
10
9
9
5
7
8
5
11
9
9
8
10
11
8
7
13
10
15
12
9
7
9
7
6
7
12
9
8
11
9
7
3
8
9
16
8
7
6
10
12
9
5
7
14
10
15
8
11
4
10
12
9
10
5
14
12
5
5
10
12
4
8
10
5
7
11
9
7
5
7
12
8
10
12
8
6
12
11
15
9
12
10
11
10
8
10
13
11
8
11
11
6
12
10
4
9
6
10
11
10
8
8
5
8
8
4
14
9
8
5
7
8
6
13
13
5
8
8
6
7
5
9
2
5
5
8
4
7
7
5
6
3
6
7
7
8
5
5
5
6
2
3
2
10
4
7
3
9
2
3
7
3
3
5
4
8
5
6
2
4
9
3
4
5
7
8
9
2
2
4
4
2
8
5
4
3
5
7
7
6
2
4
5
4
5
6
4
6
2
5
2
2
3
5
4
5
4
5
1
4
2
5
5
3
5
5
8
3
2
3
4
7
2
7
2
4
3
3
7
8
5
5
4
3
3
8
2
5
4
1
2
7
6
6
4
7
3
5
2
2
5
11
6
4
3
6
2
7
3
3
2
5
5
6
3
6
4
4
4
4
3
2
2
3
3
4
1
4
3
3
3
3
1
4
2
1
1
2
8
1
2
4
5
5
5
3
0
7
2
4
0
3
3
2
3
3
5
0
2
2
1
6
2
3
2
5
1
2
5
2
5
3
4
3
4
2
0
2
4
2
2
3
1
6
1
3
1
2
1
5
2
4
2
5
3
6
3
4
4
2
2
2
4
1
2
4
3
5
2
5
2
5
2
7
4
4
3
4
2
3
4
1
3
3
3
6
2
6
2
1
5
5
3
7
3
1
5
3
4
4
4
5
6
0
4
4
3
3
4
3
2
5
4
7
3
6
6
4
6
5
3
8
10
4
9
2
9
5
4
7
12
9
7
10
15
9
9
11
12
8
17
15
22
15
21
10
14
22
12
11
15
13
11
10
11
9
10
3
5
7
4
7
7
5
11
6
6
4
2
3
2
5
5
3
2
3
3
1
7
1
1
2
1
0
4
1
6
2
3
3
5
2
3
2
1
0
1
2
3
2
0
2
3
0
4
1
2
4
0
1
0
1
0
7
3
3
1
2
2
7
1
2
1
4
3
2
0
3
0
0
0
1
1
2
2
2
2
1
1
2
1
0
3
1
0
0
0
3
3
2
1
0
2
1
2
4
1
1
1
5
2
1
1
2
3
0
1
0
1
0
1
0
3
0
2
2
5
4
0
1
3
2
1
1
2
1
3
2
1
1
4
3
1
0
2
0
1
2
0
1
2
0
1
3
1
2
3
0
3
0
0
0
5
1
0
2
3
0
4
1
0
3
1
0
2
5
1
2
1
2
1
2
2
3
1
3
0
4
1
2
1
1
2
2
0
0
2
3
3
5
3
0
2
1
2
1
0
1
3
1
0
3
1
2
0
0
0
0
1
1
1
0
1
7
0
1
1
2
2
1
2
1
3
1
2
0
1
2
5
1
1
0
4
1
3
1
0
0
0
0
1
0
0
3
2
4
3
3
1
1
1
2
0
2
1
2
1
1
2
0
0
2
0
2
2
0
2
2
1
4
0
1
2
1
1
0
2
4
3
2
3
1
3
1
1
2
2
0
2
2
0
5
2
1
3
2
2
3
1
0
3
0
0
2
2
1
0
1
1
1
1
3
1
3
1
2
4
3
2
0
1
2
2
1
2
1
2
3
3
2
0
0
1
1
1
6
1
4
1
0
3
3
0
1
1
2
3
3
1
0
2
1
2
1
1
1
3
6
1
1
3
1
1
2
2
2
1
1
1
1
0
1
3
1
1
1
1
3
1
1
2
2
1
2
1
2
0
0
2
2
0
1
0
1
0
1
1
0
3
3
1
2
4
1
1
2
2
1
0
1
1
1
1
1
2
2
0
1
2
2
1
1
0
2
5
0
1
3
1
1
2
2
0
3
3
1
2
2
4
0
4
1
0
2
3
1
1
0
2
1
2
2
1
1
2
0
1
5
0
1
3
2
3
2
0
4
1
1
0
1
1
1
3
3
0
3
1
1
1
2
1
0
2
0
0
1
2
2
1
2
1
1
1
1
1
1
3
1
1
1
0
2
0
2
1
0
0
1
2
2
2
2
0
1
3
2
3
0
1
2
3
3
2
1
2
4
1
1
1
2
1
4
2
3
0
0
2
3
0
3
1
0
1
0
2
2
1
2
2
2
3
0
2
0
3
4
1
1
0
0
0
2
3
3
1
2
1
1
1
1
3
1
0
2
2
0
1
1
1
0
2
0
2
3
2
0
3
1
3
1
2
3
2
0
1
2
3
3
1
3
0
2
2
2
2
0
2
1
0
$ENER_FIT:
0 1
$ENER_DATA:
0
