$SPEC_REM:
PSpect
ID: 
\\VBOXSVR\oliverb\Desktop\60CoNoAbsorber.spe
$DATE_MEA:
08/17/2020 15:42:54
$MEAS_TIM:
259254 259312
$DATA:
0 4095
0
0
0
0
0
0
0
0
0
0
0
0
0
0
0
0
1
0
0
0
0
0
0
1
13
48
147
510
967
1717
2625
3518
4589
5497
6246
6899
7337
8191
8769
8920
9375
9863
10274
10479
8563
6477
8430
11015
14008
15504
14479
13072
12099
11504
11237
11504
11520
11973
12417
12889
13003
13570
13886
14120
14167
14286
14350
14510
14412
14653
14761
14658
14959
15325
15384
15470
15465
15834
15701
16024
16029
16147
16423
16385
16512
16908
17142
16848
17084
17317
17189
17514
17355
17671
17574
17835
17591
18182
18104
18100
17908
18125
18325
18112
18284
18216
18136
17923
17731
17801
17654
17751
17616
17795
17856
17912
17493
17673
17779
17466
17620
17314
17434
17415
17124
16892
17186
16528
16691
16825
16549
16690
16301
16246
16542
16352
16301
16108
16008
15982
15891
15785
15736
15725
15633
15494
15273
15505
15144
15177
15194
14932
15064
15118
14621
15029
14582
14561
14623
14516
14394
14145
14056
14343
13978
13964
13934
13833
13868
13836
13850
13532
13300
13484
13405
13280
13240
13049
13124
12868
12772
12653
12634
12409
12488
12305
12092
12161
11860
12134
11929
11375
11733
11454
11432
11360
11173
11191
11301
11363
11160
10957
10888
10881
10686
10831
10529
10451
10440
10331
9969
10064
10004
10008
9786
9959
9798
9660
9678
9621
9357
9364
9294
9128
9216
9073
9068
9156
8934
8991
8873
8782
8810
8719
8896
8539
8528
8510
8502
8406
8575
8213
8304
8184
8306
8150
8219
8270
8091
7969
8018
7881
7754
7648
7848
7867
7723
7668
7673
7593
7411
7390
7353
7350
7366
7394
7391
7310
7336
7353
7216
7151
7225
7207
7309
7165
7151
7045
7157
7172
7098
7139
7243
7290
7083
7424
7354
7238
7402
7259
7274
7235
7074
7113
7069
7108
7048
6991
6690
6708
6747
6498
6619
6623
6460
6585
6401
6213
6355
6189
6367
6135
6133
6194
6317
6105
6109
6200
6105
6102
6202
6113
5919
5934
5786
5729
5621
5689
5363
5293
5241
5256
5096
4800
4834
5073
4801
4751
4761
4632
4602
4630
4359
4506
4493
4441
4482
4351
4429
4286
4327
4282
4187
4271
4405
4209
4164
4135
4289
4179
4101
4037
4147
4223
4049
4081
3902
3937
3864
3889
3903
3847
3724
3791
3882
3870
3783
3801
3821
3704
3607
3655
3644
3606
3498
3626
3517
3501
3535
3468
3527
3578
3637
3455
3388
3661
3427
3498
3334
3588
3524
3458
3420
3441
3367
3392
3351
3275
3301
3252
3263
3278
3294
3247
3297
3247
3289
3243
3283
3198
3104
3216
3054
3189
3054
3097
3043
3112
2984
2991
3043
2995
3069
2980
2913
3010
2812
2958
3053
2986
2961
2923
2992
2917
2938
2936
2854
2903
2823
2880
2903
2918
2846
2912
2777
2881
2744
2835
2837
3024
2825
2867
2840
2795
2760
2811
2823
2790
2705
2850
2878
2823
2773
2853
2713
2721
2718
2824
2769
2687
2595
2621
2613
2521
2498
2585
2474
2533
2491
2515
2493
2455
2373
2389
2471
2504
2429
2401
2416
2502
2431
2402
2419
2246
2368
2379
2361
2254
2301
2347
2254
2271
2328
2404
2327
2303
2332
2298
2337
2282
2231
2237
2204
2212
2191
2301
2235
2249
2184
2238
2258
2220
2276
2203
2197
2146
2207
2184
2208
2192
2182
2172
2172
2149
2127
2173
2144
2083
2114
2149
2113
2165
2071
2110
2121
2106
2042
2053
2122
2084
2031
2133
2114
2020
2089
2071
2130
2002
2031
1983
2081
2014
1897
2092
1990
1964
1982
1966
1917
1934
1983
1954
1938
1885
1964
1916
1922
1994
1990
1972
1946
1937
1932
2016
1928
1944
1948
1997
1992
1890
1872
1925
1882
1928
1976
1866
1924
1899
1948
1870
1784
1820
1870
1823
1900
1897
1891
1946
1839
1892
1850
1892
1865
1836
1853
1812
1798
1870
1754
1868
1849
1827
1814
1876
1729
1824
1848
1853
1850
1802
1808
1737
1840
1795
1789
1782
1757
1837
1782
1772
1789
1786
1785
1735
1755
1746
1783
1771
1746
1798
1762
1792
1764
1734
1654
1790
1746
1758
1799
1699
1748
1711
1719
1730
1738
1799
1670
1748
1766
1829
1810
1881
1754
1851
1698
1782
1742
1770
1792
1769
1828
1714
1759
1780
1733
1813
1685
1708
1694
1699
1672
1669
1753
1677
1727
1722
1750
1702
1681
1732
1636
1642
1680
1678
1663
1711
1621
1668
1698
1694
1688
1592
1613
1643
1601
1669
1687
1687
1662
1567
1628
1627
1723
1650
1636
1695
1644
1652
1641
1663
1630
1635
1646
1640
1652
1678
1672
1666
1599
1626
1622
1572
1583
1578
1599
1655
1575
1599
1640
1571
1632
1641
1587
1696
1655
1681
1605
1584
1645
1650
1635
1669
1642
1699
1702
1685
1635
1682
1726
1680
1755
1727
1618
1654
1626
1626
1661
1640
1631
1642
1670
1622
1656
1620
1596
1589
1618
1536
1542
1575
1586
1557
1545
1562
1592
1543
1654
1588
1682
1687
1616
1588
1556
1630
1621
1659
1647
1737
1624
1730
1641
1655
1598
1599
1636
1688
1623
1535
1567
1619
1638
1537
1582
1634
1606
1520
1542
1557
1527
1559
1586
1502
1489
1494
1500
1497
1527
1609
1545
1522
1560
1525
1512
1512
1543
1532
1513
1507
1549
1580
1553
1562
1584
1507
1469
1510
1543
1522
1511
1574
1452
1506
1508
1532
1466
1540
1533
1503
1552
1486
1500
1554
1509
1550
1486
1493
1508
1528
1536
1557
1562
1459
1521
1543
1579
1545
1531
1536
1525
1509
1583
1520
1526
1569
1552
1563
1499
1527
1471
1531
1534
1562
1509
1547
1466
1503
1464
1529
1535
1563
1495
1518
1495
1552
1547
1440
1552
1548
1496
1498
1546
1455
1527
1472
1488
1476
1601
1570
1531
1507
1497
1507
1477
1448
1550
1499
1476
1506
1469
1504
1534
1591
1507
1432
1504
1500
1540
1488
1512
1511
1488
1473
1515
1539
1604
1520
1489
1552
1471
1502
1461
1538
1489
1513
1494
1408
1494
1535
1516
1469
1502
1494
1479
1609
1562
1498
1453
1559
1505
1545
1525
1530
1481
1501
1571
1570
1474
1505
1548
1504
1489
1508
1639
1572
1507
1552
1633
1518
1611
1531
1462
1496
1523
1498
1503
1549
1503
1540
1495
1574
1544
1536
1564
1511
1523
1439
1489
1548
1489
1538
1536
1573
1591
1519
1496
1569
1487
1530
1568
1541
1546
1562
1467
1550
1461
1505
1619
1507
1600
1531
1597
1574
1461
1481
1486
1451
1589
1530
1490
1501
1477
1543
1514
1586
1532
1560
1567
1540
1448
1534
1509
1543
1546
1494
1481
1527
1521
1494
1512
1595
1604
1560
1531
1578
1533
1532
1525
1590
1574
1536
1485
1487
1486
1572
1568
1549
1577
1497
1615
1543
1467
1535
1606
1508
1567
1520
1587
1541
1548
1610
1547
1513
1592
1519
1590
1492
1583
1531
1509
1504
1457
1560
1509
1525
1539
1536
1602
1477
1593
1561
1585
1540
1508
1532
1548
1665
1535
1644
1553
1581
1499
1589
1559
1583
1579
1575
1559
1594
1576
1548
1561
1504
1590
1564
1528
1604
1559
1502
1582
1658
1598
1549
1609
1604
1501
1580
1592
1619
1534
1607
1657
1568
1533
1514
1548
1603
1573
1585
1577
1578
1534
1565
1571
1583
1520
1631
1549
1528
1581
1541
1519
1530
1616
1574
1594
1614
1587
1567
1557
1610
1566
1580
1582
1589
1570
1588
1522
1589
1538
1589
1554
1684
1651
1607
1627
1589
1556
1590
1623
1663
1547
1589
1613
1574
1632
1654
1594
1538
1577
1600
1623
1562
1572
1556
1540
1633
1592
1626
1544
1537
1595
1540
1556
1612
1622
1595
1457
1489
1510
1580
1503
1633
1542
1549
1579
1522
1546
1518
1501
1599
1493
1610
1528
1607
1527
1513
1542
1456
1565
1538
1488
1522
1493
1512
1484
1463
1483
1465
1428
1557
1460
1422
1407
1500
1438
1443
1409
1487
1409
1393
1371
1377
1328
1363
1335
1316
1300
1337
1253
1208
1204
1213
1200
1213
1161
1201
1112
1184
1166
1117
1055
1055
1108
1041
1137
1089
1124
1061
1048
1045
1114
1058
1002
1010
1004
1049
1007
989
1044
1043
1019
975
1004
996
986
987
990
982
1027
1069
1003
948
1012
992
999
967
994
1006
1024
1002
1039
986
1007
1039
1034
997
990
978
1030
983
973
979
957
976
972
1002
957
952
972
1019
1006
995
932
926
928
993
981
1021
975
975
913
973
960
914
975
987
942
959
988
927
996
987
970
991
951
962
898
946
956
967
971
938
939
936
944
965
964
1001
944
967
989
944
930
987
941
944
954
982
949
953
942
878
1014
956
971
1001
962
962
941
941
889
898
1009
942
1019
913
963
963
951
967
977
969
943
987
924
980
957
990
937
1021
980
950
1000
968
996
961
976
1004
984
978
993
996
965
981
957
974
922
969
972
952
982
1019
961
1027
1007
1075
999
973
993
1001
1026
986
1025
968
992
985
1059
1022
942
947
1002
1007
919
969
964
1021
983
977
945
850
853
846
825
875
879
801
779
788
710
771
727
729
730
674
674
686
668
667
682
613
628
636
642
614
600
632
651
616
565
580
608
596
601
591
644
657
643
626
601
708
629
633
685
678
638
665
630
708
680
757
713
720
712
804
776
873
929
1049
1048
1110
1304
1330
1473
1621
1836
2031
2207
2433
2622
2763
2897
2998
2996
2949
3036
2914
2754
2632
2470
2254
2028
1946
1700
1499
1376
1183
1084
1050
859
818
700
667
665
634
563
517
493
490
442
425
388
394
389
389
388
354
373
314
351
294
320
314
271
327
291
295
279
295
325
278
260
291
267
254
269
253
243
265
256
271
244
266
268
244
259
244
262
221
218
263
234
263
245
244
273
236
250
249
259
256
258
280
230
257
272
224
268
242
253
250
279
258
267
258
253
265
268
220
265
264
256
254
244
264
238
257
260
238
285
266
271
273
265
258
237
242
307
268
253
280
269
265
280
256
301
298
280
280
242
293
271
280
298
297
278
313
289
295
312
305
289
270
292
300
303
283
288
303
278
289
244
265
266
271
300
292
265
266
270
272
283
262
297
269
249
274
287
266
281
279
283
274
311
285
258
287
320
317
298
327
330
299
297
346
347
327
361
351
382
345
388
407
412
458
466
479
523
540
576
617
658
738
772
913
1038
1160
1275
1377
1534
1715
1827
1985
2075
2186
2142
2197
2128
2076
2026
1997
1840
1570
1493
1382
1307
1142
1024
870
777
727
630
501
521
484
388
386
297
315
255
265
245
218
207
226
184
168
169
168
158
177
129
125
129
137
130
112
116
121
117
122
120
91
100
115
100
106
93
76
83
96
87
88
96
87
80
71
86
71
80
86
74
70
59
68
80
77
78
78
81
81
74
74
49
64
67
79
68
70
64
62
49
73
57
56
64
68
63
66
73
69
60
71
77
79
76
75
62
72
59
71
59
62
68
49
58
60
58
49
62
52
49
56
50
59
41
45
50
49
62
43
53
42
43
45
51
39
53
45
47
52
49
42
47
46
43
42
51
40
47
38
56
42
58
51
39
58
47
50
56
65
70
74
53
71
79
60
73
70
94
105
93
99
109
105
105
96
146
98
93
120
99
104
96
88
78
80
76
63
62
51
51
48
40
50
44
50
50
38
38
33
32
31
34
34
35
35
27
31
37
33
38
29
38
28
23
35
34
25
28
23
22
33
35
20
23
33
30
35
28
25
25
24
26
33
23
28
29
26
23
36
28
35
17
26
21
28
29
24
31
22
16
27
32
29
16
22
22
26
29
32
29
23
20
20
18
29
18
25
21
19
23
24
15
28
12
26
25
30
22
28
21
23
20
11
22
27
17
27
17
22
18
21
21
27
20
22
23
21
13
19
23
27
15
16
25
18
23
26
26
14
22
24
24
19
23
29
19
31
24
24
22
16
15
17
25
17
22
20
23
20
24
26
29
24
27
25
30
27
27
23
35
44
35
32
31
42
35
43
50
56
53
55
47
46
38
33
34
34
43
35
34
36
26
26
17
17
34
36
24
25
22
11
18
22
17
24
18
18
14
18
20
20
17
23
19
24
18
29
14
17
13
21
17
25
16
24
23
16
28
17
20
15
19
16
22
18
21
20
18
19
8
18
11
14
21
24
17
10
14
19
20
13
12
18
12
17
15
17
17
18
18
18
22
17
22
21
18
19
18
16
11
14
13
14
19
12
13
17
17
18
19
17
14
14
9
19
12
14
14
16
22
16
15
15
19
16
16
11
18
14
20
19
13
17
10
22
13
9
16
11
12
19
16
13
16
16
12
13
11
7
12
16
16
14
11
19
20
15
13
14
12
18
9
10
16
19
10
9
10
16
9
12
14
19
20
20
11
18
17
16
14
10
15
18
12
14
11
10
11
16
22
15
23
15
13
22
12
16
13
15
10
13
14
17
15
12
12
13
16
9
19
17
14
8
8
13
22
19
14
9
11
10
10
15
16
20
12
12
13
10
13
14
18
21
16
20
16
19
23
16
17
20
21
14
23
13
16
23
15
12
11
17
7
16
10
19
11
17
13
13
16
10
11
9
15
8
14
13
12
12
15
10
11
8
13
16
11
9
10
9
19
8
13
7
11
15
11
20
13
16
12
13
10
7
10
14
19
10
11
10
8
10
12
12
16
10
12
13
13
11
13
11
9
15
18
11
15
13
9
20
10
10
13
14
10
9
13
13
6
10
12
10
8
8
14
8
9
10
10
10
15
10
13
12
15
9
10
12
11
16
7
10
11
10
19
14
10
14
10
15
7
12
13
10
12
15
17
11
10
11
14
9
16
8
10
10
13
10
17
4
9
9
6
4
10
16
5
14
6
11
11
13
10
16
8
7
9
14
10
17
11
7
11
12
6
9
9
10
14
9
12
7
11
9
14
9
14
7
10
8
12
10
5
9
10
7
11
8
12
6
14
13
11
15
10
11
10
5
6
8
15
10
12
9
13
9
11
9
11
12
12
13
11
11
7
12
9
9
12
15
12
11
13
9
8
8
13
8
14
10
9
12
9
10
11
10
10
9
10
11
13
9
3
11
14
8
7
6
8
13
19
6
12
10
13
14
13
10
9
14
8
10
6
7
4
8
10
8
8
6
10
11
18
8
11
11
9
12
8
8
11
11
10
9
8
4
9
9
13
10
5
10
14
7
9
7
13
8
6
12
12
6
5
8
12
7
7
9
13
15
10
10
9
8
9
11
4
9
9
9
6
15
8
15
11
9
7
7
11
14
6
7
4
5
14
4
6
9
10
7
9
4
8
7
10
5
11
9
5
5
15
8
6
8
3
12
9
5
15
8
5
13
14
12
12
9
5
9
9
8
3
5
16
8
9
7
8
6
7
7
10
6
7
9
9
9
8
9
17
7
8
8
9
8
8
8
10
7
9
9
11
7
13
8
7
9
12
11
9
11
10
8
11
10
2
15
5
9
11
10
10
6
8
10
8
7
13
13
10
12
11
13
12
16
15
11
15
8
9
10
9
5
7
12
10
12
12
18
10
16
8
15
18
7
7
12
9
14
11
5
11
9
10
6
16
8
8
10
9
6
14
8
7
8
11
11
8
7
8
9
9
9
12
7
10
7
7
7
9
9
12
6
6
7
11
11
7
14
14
8
9
8
11
13
9
4
6
7
8
9
7
6
6
10
7
8
7
3
9
4
13
11
11
7
5
8
10
5
10
6
8
10
11
8
4
17
9
11
5
9
4
7
9
8
4
5
8
9
6
12
7
9
11
9
7
3
9
11
9
7
6
11
5
6
10
6
6
7
10
8
6
10
8
16
12
8
8
11
6
10
12
11
8
6
12
13
7
10
8
16
9
7
10
6
12
8
8
5
7
14
7
3
4
9
5
13
7
4
10
9
9
4
7
8
10
9
7
4
2
4
15
10
10
5
14
7
4
17
4
9
9
11
4
10
7
9
6
7
6
9
8
12
11
8
5
12
10
7
9
8
10
12
5
9
9
7
7
11
6
8
6
3
10
6
7
6
7
9
4
3
6
5
12
10
8
10
14
6
9
7
11
9
11
7
7
14
11
4
12
3
6
6
8
7
5
4
9
4
5
8
7
5
2
9
5
12
10
5
10
3
7
9
8
6
6
9
9
4
8
4
9
9
6
12
6
7
4
4
6
7
13
6
7
4
8
7
9
6
7
8
11
9
6
11
7
12
12
11
7
9
9
4
7
11
11
6
8
6
11
3
5
5
10
11
9
13
6
13
5
6
7
11
1
4
5
9
10
7
12
7
9
7
7
10
3
9
11
7
6
7
15
3
6
4
2
6
7
11
6
8
7
3
4
7
6
11
5
8
1
1
4
9
4
2
7
8
7
7
5
3
3
4
7
7
4
1
1
4
2
1
4
2
2
3
6
5
4
4
2
5
3
3
3
5
4
4
4
1
6
3
2
6
3
2
4
3
5
2
3
2
2
3
3
2
2
9
0
4
3
3
7
3
3
4
1
4
4
3
1
3
2
5
6
4
4
3
6
1
1
2
5
5
2
3
2
1
6
3
0
7
2
5
2
0
2
4
3
6
1
3
4
1
5
4
1
4
2
5
1
2
5
3
2
1
2
4
3
2
7
0
2
2
1
2
3
4
1
3
4
0
5
1
1
4
1
3
0
3
1
6
9
2
2
2
2
0
2
2
0
2
3
6
2
2
4
2
1
6
1
5
6
2
2
5
4
6
0
2
1
6
4
3
1
3
4
3
3
3
1
3
2
2
2
4
5
3
2
3
1
4
3
3
2
2
2
1
1
1
2
2
1
3
3
2
6
3
1
2
2
3
2
2
3
0
4
3
2
2
3
3
0
0
2
2
4
5
2
4
1
4
3
2
1
1
3
4
6
4
4
2
3
3
5
2
2
2
4
4
2
3
3
6
2
1
4
1
3
3
6
7
5
6
3
3
4
4
5
2
3
4
2
1
2
1
6
4
5
4
1
3
3
9
4
4
9
8
6
8
7
6
9
10
13
6
10
12
12
9
15
14
11
11
12
10
8
15
8
9
12
9
12
7
4
7
8
8
9
9
5
3
3
4
3
6
4
3
5
2
4
3
2
2
1
2
4
3
1
2
1
2
1
1
1
3
0
3
3
2
4
1
2
3
2
1
2
4
2
0
3
1
0
2
2
2
1
1
5
2
1
1
2
0
2
2
2
2
2
0
2
2
3
1
2
2
3
1
0
1
3
2
2
2
2
3
0
1
1
0
1
3
3
0
1
5
5
2
4
5
2
1
1
0
4
0
0
1
1
0
2
0
1
2
1
0
2
1
1
1
0
0
1
0
2
1
1
2
1
1
2
2
2
2
0
3
3
3
1
0
1
1
0
1
1
1
2
1
2
0
0
1
0
1
0
1
2
0
0
4
2
3
2
0
0
0
0
1
2
1
4
1
0
0
1
1
1
0
1
1
2
0
1
0
0
6
1
2
0
1
3
4
1
1
3
0
2
2
0
1
3
2
1
0
1
1
2
2
2
0
2
2
1
0
0
1
2
0
1
3
0
1
2
1
0
2
0
0
2
2
1
1
4
0
0
1
0
1
1
2
3
2
0
0
1
2
0
1
3
2
1
3
2
2
1
0
1
1
1
2
1
2
4
1
0
1
1
0
0
3
0
1
3
3
1
1
0
3
0
1
3
0
2
0
2
1
1
0
1
2
1
0
1
0
0
0
0
0
2
2
0
1
0
2
0
1
0
1
1
1
0
3
2
1
1
2
0
1
2
2
2
2
3
2
1
1
1
2
2
0
2
0
1
1
0
0
1
2
0
2
1
0
0
0
0
2
3
2
1
4
0
2
0
1
0
1
2
1
0
2
1
2
1
2
0
1
1
1
1
0
1
3
0
0
1
1
2
0
0
3
1
4
1
2
0
1
0
2
0
0
0
0
1
1
4
3
0
1
2
2
1
1
2
2
0
0
0
1
1
0
0
3
0
3
2
1
1
2
2
2
1
1
1
0
0
0
1
0
2
1
1
3
1
1
0
1
1
1
0
4
1
1
1
0
2
1
0
5
1
2
0
0
1
0
1
0
1
3
0
2
1
1
1
0
1
3
2
3
2
2
1
0
1
0
1
1
2
1
2
1
1
1
1
0
2
0
0
1
1
0
2
2
1
0
0
1
1
4
1
3
0
1
2
1
1
0
0
1
3
2
0
0
2
0
1
1
1
1
1
1
0
2
4
2
0
0
0
0
2
2
1
1
0
1
1
0
1
1
1
0
0
1
1
2
0
0
0
1
1
0
1
0
1
0
1
2
0
1
1
0
1
2
0
1
0
2
2
0
0
1
0
1
2
2
1
1
2
0
2
3
2
1
1
1
1
1
1
0
0
0
1
2
1
1
2
1
1
0
1
3
0
1
2
1
0
0
2
1
3
5
0
0
2
1
1
0
0
1
$ENER_FIT:
0 1
$ENER_DATA:
0
