$SPEC_REM:
PSpect
ID: 
\\VBOXSVR\oliverb\Desktop\60CoOneLayerOfPlasticWeekLong.spe
$DATE_MEA:
08/04/2020 16:22:23
$MEAS_TIM:
604281 604414
$DATA:
0 4095
0
0
0
0
0
1
1
0
0
0
1
0
0
0
0
0
0
1
0
0
0
1
7
28
88
288
843
1896
3343
5486
7743
9981
11987
14140
15741
17320
18714
19811
21296
21500
23087
23718
24605
24662
16516
17766
22655
28719
34088
35096
32446
29693
27207
26692
26615
27128
27306
28082
29856
30461
30602
31884
32430
32818
33180
33656
33376
33838
33545
34254
34561
34008
35179
34913
35016
35670
35556
36065
36586
36828
37034
37483
37866
37985
37609
38949
38890
39444
39488
39923
40175
40450
40462
41017
40945
40869
41372
41602
41380
42390
41420
41786
42319
41889
42360
41556
41361
41545
41462
41561
41389
41218
41315
41318
40419
40841
40145
41002
40687
40637
40351
40578
40045
39789
39032
39831
39461
39153
38925
39255
38404
38871
37673
37950
38209
38115
37790
37375
37127
37151
36672
36782
36841
36459
36174
36586
35906
36196
35414
35740
35818
35187
35392
34813
34651
34039
34111
34095
33688
33369
33752
33520
33067
32962
32717
32739
32580
32686
32433
32243
31858
31710
31082
31643
31114
31081
30609
30655
30182
30026
29388
29854
29563
29382
28694
28778
28261
28381
28031
27998
27684
27349
27239
27517
26721
26915
26479
26168
26379
26275
26078
25539
25251
25249
25374
25021
24486
24639
24401
23959
24095
24036
23272
23587
23370
23283
23281
22557
22507
22337
22172
22102
22231
21738
21638
21697
21274
21015
21027
21043
20540
20677
20629
20293
20594
19996
19976
19882
19669
19659
19648
19782
19434
19294
18880
19488
18988
19248
18619
18748
18545
18617
18273
18128
18317
18173
17873
17856
17753
17626
17235
17611
17582
17190
17451
17005
17423
16927
16858
17098
16971
16894
17071
16848
16778
16781
16558
16761
16980
16789
16841
16751
16928
16895
16854
16854
16864
16908
16669
16714
16645
16671
16046
16103
16239
16118
16171
15782
15825
15585
15259
15106
15443
15300
14972
14830
14962
14842
14289
14695
14565
14349
14379
14388
14357
14086
14368
14223
14250
13999
14278
13986
13950
13516
13269
13008
13021
12518
12584
12292
11908
11927
11592
11576
11404
11300
11032
10948
10951
11089
10767
10758
10595
10495
10515
10299
10488
10046
10052
10337
10121
9983
9906
9907
9833
9910
9709
9636
9602
9426
9596
9434
9489
9399
9253
9314
9332
9379
9250
8966
9100
8994
8793
9037
8846
8873
8715
8720
8587
8429
8538
8628
8591
8579
8381
8437
8365
8448
8281
8363
8403
8158
8308
8299
8397
8377
8314
8320
8241
8081
8092
7909
7982
8105
7827
7889
7742
7852
7729
7620
7659
7611
7537
7609
7578
7754
7481
7651
7565
7438
7644
7526
7420
7288
7229
7265
7117
7201
7158
7223
7148
6967
7069
7091
6921
6906
6720
6795
6926
6981
6799
6770
6803
6981
6818
6753
6814
6742
6669
6778
6725
6695
6673
6699
6735
6715
6640
6711
6481
6549
6525
6554
6595
6546
6566
6578
6609
6454
6398
6550
6624
6519
6585
6525
6407
6451
6291
6211
6378
6188
6066
6046
6039
5995
5915
5979
5809
5772
5894
5710
5770
5702
5686
5620
5675
5703
5635
5617
5549
5705
5293
5520
5664
5620
5590
5528
5423
5416
5437
5321
5400
5510
5294
5405
5396
5323
5375
5272
5302
5267
5352
5233
5334
5270
5109
5161
5328
5110
5046
5096
5168
5206
5118
5076
5108
5045
5079
5155
4953
5055
5083
4986
5056
4999
4916
5080
4967
5058
4936
4972
4932
4920
4990
4948
4892
4849
4740
4780
4810
4835
4837
4893
4697
4651
4554
4666
4787
4764
4745
4828
4822
4728
4614
4698
4713
4663
4639
4795
4569
4552
4606
4475
4793
4573
4633
4553
4494
4566
4520
4631
4535
4478
4564
4550
4464
4454
4495
4471
4449
4536
4380
4454
4482
4420
4385
4411
4271
4385
4322
4411
4446
4361
4403
4326
4397
4422
4304
4309
4328
4375
4330
4385
4309
4431
4302
4290
4338
4269
4274
4388
4279
4198
4275
4166
4332
4281
4210
4239
4246
4127
4212
4111
4144
4209
4125
4083
4145
4233
4147
4164
4122
4191
4032
4000
4090
4089
3956
4136
4096
4095
4078
4094
4141
4202
4127
4046
4029
4074
3976
4039
3907
4015
4085
4138
4157
4162
4115
4111
4106
4017
4064
4226
3996
4131
3988
4084
4143
4024
4039
4082
4027
3981
3908
3970
4009
4048
4027
3954
3903
3851
3826
3962
3900
3860
3886
3811
3978
3855
3845
3849
3814
3823
3728
3987
3853
3870
3765
3857
3981
3890
3791
3774
3905
3821
3754
3774
3770
3847
3803
3888
3775
3756
3769
3841
3798
3706
3653
3821
3732
3838
3817
3733
3712
3817
3815
3747
3823
3701
3761
3734
3709
3738
3854
3730
3781
3786
3685
3820
3836
3718
3761
3651
3596
3830
3685
3788
3654
3670
3763
3732
3704
3697
3726
3636
3734
3626
3762
3903
3836
3876
3705
3869
3888
3824
3897
3840
3791
3838
3721
3795
3657
3787
3781
3659
3621
3619
3595
3630
3700
3634
3607
3720
3583
3608
3609
3552
3612
3591
3595
3707
3719
3663
3680
3723
3701
3751
3722
3835
3642
3845
3688
3730
3634
3618
3690
3650
3658
3708
3539
3647
3595
3478
3465
3455
3569
3393
3485
3546
3467
3563
3470
3587
3586
3394
3318
3489
3394
3517
3426
3453
3500
3382
3562
3442
3352
3518
3503
3528
3498
3489
3454
3487
3431
3513
3426
3365
3352
3499
3443
3400
3411
3426
3464
3399
3422
3379
3385
3405
3431
3438
3446
3431
3336
3379
3375
3512
3418
3396
3350
3470
3338
3433
3350
3384
3470
3409
3378
3433
3461
3312
3375
3429
3448
3429
3523
3337
3357
3344
3472
3424
3279
3422
3329
3490
3360
3476
3414
3344
3395
3438
3376
3397
3446
3431
3395
3345
3476
3490
3446
3508
3329
3464
3417
3437
3346
3438
3312
3375
3406
3417
3565
3244
3414
3335
3461
3406
3323
3416
3331
3335
3337
3373
3341
3274
3463
3457
3448
3428
3292
3425
3258
3427
3467
3419
3348
3419
3383
3361
3465
3474
3437
3386
3312
3465
3415
3392
3371
3393
3303
3415
3346
3233
3385
3363
3367
3412
3304
3357
3333
3480
3354
3464
3283
3384
3350
3411
3437
3409
3348
3399
3345
3395
3362
3407
3274
3388
3319
3306
3291
3368
3454
3283
3362
3318
3398
3372
3419
3374
3448
3355
3211
3322
3422
3369
3286
3418
3376
3465
3374
3437
3412
3457
3381
3423
3419
3413
3373
3406
3444
3491
3372
3444
3374
3394
3386
3338
3495
3392
3321
3407
3408
3346
3373
3433
3410
3538
3362
3372
3366
3422
3337
3451
3329
3287
3279
3477
3412
3343
3498
3268
3533
3438
3391
3352
3364
3370
3372
3455
3455
3376
3331
3383
3342
3513
3450
3477
3358
3364
3336
3406
3290
3424
3341
3408
3336
3561
3423
3395
3376
3423
3398
3441
3398
3333
3349
3385
3370
3401
3260
3413
3436
3522
3424
3389
3423
3467
3373
3357
3300
3387
3449
3422
3445
3269
3336
3426
3369
3525
3311
3237
3462
3424
3326
3337
3448
3432
3366
3511
3381
3315
3316
3360
3477
3397
3538
3428
3402
3438
3390
3619
3434
3456
3425
3481
3395
3449
3478
3425
3569
3495
3521
3431
3428
3477
3408
3519
3383
3624
3478
3432
3463
3406
3581
3317
3516
3400
3466
3390
3472
3509
3370
3342
3401
3405
3453
3398
3443
3356
3331
3523
3424
3449
3456
3385
3500
3448
3440
3511
3330
3481
3442
3531
3336
3528
3354
3421
3438
3452
3376
3421
3407
3536
3526
3455
3579
3523
3549
3547
3547
3531
3546
3599
3408
3515
3556
3491
3494
3336
3505
3523
3439
3507
3434
3456
3375
3472
3457
3351
3400
3331
3469
3290
3280
3423
3371
3360
3315
3466
3306
3419
3405
3453
3342
3349
3405
3376
3332
3522
3439
3305
3377
3339
3382
3343
3304
3298
3330
3321
3228
3191
3368
3359
3287
3320
3251
3347
3240
3237
3283
3196
3132
3168
3194
3227
3099
3185
3066
3123
3021
2921
2992
3001
2899
2943
2859
2829
2791
2737
2875
2684
2631
2589
2582
2556
2536
2556
2534
2390
2463
2375
2354
2336
2411
2332
2336
2427
2271
2336
2253
2205
2289
2291
2266
2303
2260
2217
2216
2182
2254
2182
2228
2332
2229
2111
2183
2189
2230
2190
2153
2223
2213
2232
2160
2098
2123
2216
2174
2161
2116
2158
2166
2159
2108
2149
2260
2254
2087
2162
2118
2176
2198
2231
2158
2149
2056
2155
2105
2095
2126
2130
2161
2202
2115
2162
2050
2133
2089
2183
2167
2180
2070
2072
2093
2070
2042
2142
2207
2206
2033
2157
2126
2076
2179
2114
2110
2109
1976
2136
2018
2112
2031
2129
2070
2085
2048
2124
2094
2099
2001
2081
2100
2075
2131
2041
2122
2063
2055
2111
2089
1980
2101
2092
2177
2096
2133
2079
2105
2064
2105
2102
2077
2055
1959
2045
2085
2036
2140
2073
2162
2106
2082
2054
2113
2113
2080
2145
2078
2063
2109
2157
2141
2127
2159
2155
2123
2179
2048
2124
2091
2163
2136
2189
2168
2096
2155
2125
2100
2126
2117
2169
2122
2078
2182
2118
2106
2164
2092
2210
2160
2127
2108
2032
2187
2113
2131
2146
2137
2083
2161
2082
2149
1990
1960
2054
1925
2021
1952
1942
1933
1928
1830
1842
1776
1734
1716
1622
1553
1603
1604
1566
1588
1544
1543
1491
1495
1502
1461
1509
1455
1421
1443
1449
1466
1392
1365
1331
1370
1352
1368
1377
1441
1314
1339
1435
1364
1374
1410
1387
1385
1451
1466
1503
1469
1468
1476
1527
1577
1526
1559
1647
1653
1791
1792
1790
1941
2088
2208
2374
2499
2816
2991
3358
3639
3995
4246
4800
5215
5500
5795
6011
6125
6364
6289
6149
5992
5775
5575
5114
4748
4468
3952
3758
3498
3107
2784
2557
2256
2053
1873
1732
1588
1509
1405
1279
1274
1179
1129
1093
952
961
889
957
918
886
798
769
828
757
771
721
682
688
668
660
702
651
693
632
643
620
570
633
616
573
605
597
596
601
566
595
581
598
558
570
555
573
575
552
568
523
591
523
541
560
520
601
505
528
519
549
589
549
547
498
461
549
509
517
558
516
523
536
547
548
484
557
526
567
559
528
534
550
591
549
566
578
488
557
578
615
627
517
541
545
558
597
571
560
596
543
609
596
588
566
578
588
580
573
594
581
560
581
578
593
584
581
623
570
598
614
584
612
599
604
633
556
586
606
555
616
612
625
641
615
687
628
605
571
601
579
669
598
636
616
643
597
647
606
639
613
643
649
648
655
672
658
668
689
674
735
738
750
709
772
783
792
798
837
815
917
958
915
1050
1034
1085
1141
1295
1380
1481
1517
1664
1961
2109
2332
2649
2780
3072
3415
3607
3889
4104
4214
4496
4413
4431
4521
4427
4204
4057
3681
3391
3208
2911
2691
2445
2169
2007
1776
1583
1373
1328
1211
1114
911
879
821
779
714
666
629
560
532
490
471
454
474
378
376
357
333
348
324
317
303
274
277
279
263
251
256
225
244
218
232
207
194
208
212
200
188
191
219
199
184
185
181
192
178
155
163
183
158
144
187
157
149
133
157
162
155
138
113
135
147
150
134
159
156
161
130
154
132
152
153
147
141
156
174
154
147
151
158
142
164
175
156
160
158
163
153
149
131
134
152
122
151
118
113
128
137
129
119
113
122
112
106
95
123
100
112
113
99
99
114
96
105
97
110
91
84
102
116
116
92
114
96
96
102
107
107
88
102
114
118
93
120
114
121
117
129
143
156
164
150
157
188
189
195
217
214
221
241
219
216
239
249
230
221
221
186
219
199
169
159
184
154
160
144
124
131
123
113
106
119
106
96
98
89
81
86
80
62
85
77
66
71
76
77
62
72
65
74
72
62
74
67
73
81
53
73
85
65
61
64
60
73
65
61
64
86
74
55
69
52
59
63
53
57
67
69
69
54
60
62
70
54
56
50
56
52
54
68
58
47
50
70
57
56
53
70
69
67
51
60
51
46
53
45
55
57
62
46
57
46
59
46
56
50
49
54
58
52
51
56
40
46
48
51
44
46
50
53
43
45
46
57
43
43
54
49
56
49
59
58
49
49
55
38
40
47
55
48
41
45
48
43
43
53
57
53
57
45
39
56
42
41
46
40
47
37
49
66
62
51
54
65
61
62
75
82
65
65
93
97
72
92
82
88
101
87
105
96
93
111
82
90
87
79
84
77
76
67
59
66
47
59
58
61
49
47
35
46
44
50
41
40
47
46
47
58
52
53
40
41
37
41
49
48
44
46
33
44
52
57
39
44
41
49
44
40
55
54
44
47
47
37
39
37
41
31
43
35
37
33
32
32
39
45
30
29
54
32
36
26
37
26
32
37
27
40
46
35
32
38
42
50
39
35
36
21
35
43
33
35
35
34
39
34
34
29
42
37
42
39
33
33
31
41
27
30
30
32
34
29
38
35
37
37
36
41
39
33
38
37
44
39
35
31
46
34
41
32
44
42
23
32
29
31
33
24
30
26
30
35
36
24
26
35
31
36
28
39
34
27
30
32
32
28
31
33
32
27
35
28
32
28
34
30
33
27
27
24
40
34
30
27
34
44
26
32
30
36
28
28
41
30
28
27
38
20
27
39
28
34
35
27
35
26
33
39
20
31
31
29
24
30
34
40
34
25
37
28
36
29
35
40
44
32
35
41
36
40
33
46
49
45
45
43
30
39
46
44
47
28
49
31
35
34
36
28
35
35
33
31
39
34
27
21
15
28
24
31
28
24
34
33
28
28
35
20
24
29
25
32
26
34
29
30
32
23
28
25
27
36
21
35
27
28
28
31
29
21
29
18
24
32
34
26
26
25
16
24
23
30
22
35
16
26
29
23
34
27
23
31
30
31
35
22
28
29
19
42
24
30
18
28
31
33
25
28
23
29
29
36
32
25
40
17
24
24
40
24
30
24
24
27
15
26
27
33
25
27
25
25
22
29
31
26
23
24
28
24
21
16
22
19
23
27
48
31
31
33
18
31
22
26
33
15
25
21
29
27
21
29
28
24
13
39
22
19
26
20
34
22
19
15
28
28
24
23
28
25
19
27
33
28
17
21
33
18
21
23
28
22
27
19
25
31
26
23
26
27
25
18
26
27
27
23
17
25
31
23
27
27
17
24
22
29
31
25
20
24
21
18
23
20
24
17
16
35
15
25
24
28
21
20
31
19
16
23
26
23
18
33
21
20
29
32
17
26
25
18
19
20
29
16
25
27
21
23
21
25
30
15
27
28
22
26
26
23
26
18
23
15
22
19
16
20
26
30
20
24
36
20
20
20
24
17
20
24
23
12
18
14
23
24
16
19
21
21
20
17
15
18
18
16
18
11
11
28
17
20
15
23
19
14
23
16
20
24
20
22
25
24
23
20
22
16
12
19
25
16
18
21
16
18
33
28
19
20
16
19
26
26
20
12
21
16
19
15
19
22
16
23
26
21
18
17
23
25
17
22
26
14
25
15
19
15
18
27
21
23
18
20
22
23
12
21
19
19
28
24
14
19
13
22
24
16
22
18
14
24
20
21
24
16
14
25
18
14
16
19
21
15
23
18
21
21
18
10
16
16
18
24
18
17
24
24
22
18
22
19
14
21
18
20
24
24
15
20
22
27
25
18
16
25
23
24
25
13
23
19
17
30
24
18
8
18
18
28
28
23
24
20
30
31
28
26
31
22
20
19
17
28
34
25
30
24
31
31
20
29
21
25
24
22
23
33
15
21
31
23
21
17
14
20
26
22
28
24
16
17
15
23
15
18
15
19
15
21
20
15
15
11
28
19
23
22
21
24
21
15
18
26
23
14
13
17
16
18
22
16
21
12
15
17
21
25
10
25
15
14
31
21
14
21
14
22
19
20
12
20
18
20
16
10
20
16
16
18
20
16
20
13
21
20
22
16
22
19
25
17
19
13
13
30
18
14
14
11
18
17
8
23
18
22
15
18
25
22
23
19
28
16
18
20
20
22
25
26
13
29
19
17
23
23
28
26
21
31
26
18
21
18
20
27
17
24
23
19
20
16
20
13
11
22
14
21
16
9
13
22
19
8
18
13
18
16
20
25
21
15
11
17
17
13
23
17
15
15
22
17
22
20
13
14
17
20
15
15
12
16
24
18
23
14
14
20
22
19
17
17
17
7
18
14
16
17
16
17
13
11
20
16
18
16
13
14
17
19
20
17
22
18
23
19
18
15
14
17
17
15
19
15
17
17
13
19
12
12
11
14
13
13
21
15
16
17
11
12
19
24
9
25
15
18
12
22
14
14
8
18
16
23
16
20
14
15
16
15
15
16
16
17
21
23
16
16
14
24
15
20
11
22
18
23
20
17
14
20
11
15
10
16
14
16
20
16
16
18
21
15
25
18
14
18
15
16
13
18
12
21
16
19
19
14
20
14
20
13
18
16
17
13
15
21
15
13
14
22
16
16
17
18
14
14
19
16
17
15
14
19
17
15
16
14
11
8
18
15
10
16
11
13
21
13
12
10
16
11
14
11
14
16
12
12
18
14
21
12
16
11
11
11
12
11
12
11
13
11
12
5
9
8
8
15
7
5
11
6
6
17
9
16
17
15
15
6
10
3
4
8
8
8
13
9
6
8
10
10
10
12
8
8
4
8
4
5
4
10
4
7
6
4
4
9
12
7
8
7
5
14
7
6
8
3
5
8
6
12
8
8
10
7
12
7
15
4
6
8
4
6
16
6
7
4
3
7
7
11
8
9
6
6
4
2
10
8
7
4
4
11
7
3
6
6
1
3
6
5
10
6
8
6
6
3
5
9
5
4
5
3
5
4
3
5
6
5
5
2
3
7
3
5
5
5
4
8
3
4
7
5
9
6
10
4
4
7
7
9
5
8
7
9
9
4
7
3
2
5
4
3
2
7
5
2
5
2
3
9
6
7
2
4
12
4
2
4
8
5
7
6
6
9
3
4
8
9
8
4
6
11
4
6
4
6
7
7
4
9
3
4
7
4
5
7
4
5
3
3
6
5
3
10
9
6
7
6
6
5
7
5
5
3
6
7
1
5
5
10
6
9
8
9
10
4
3
4
5
8
7
5
4
7
7
4
12
8
9
7
6
5
3
5
5
11
7
9
7
10
3
8
10
10
12
8
8
5
8
9
9
8
14
8
11
14
10
11
13
8
12
9
11
14
11
14
17
17
12
18
20
25
19
18
16
23
34
21
20
23
29
21
20
31
22
32
16
19
19
20
22
22
12
18
14
15
3
17
6
10
10
13
11
12
6
5
9
5
13
2
4
13
9
6
6
6
8
7
3
7
6
3
5
4
2
8
2
3
2
1
4
8
2
8
4
4
3
3
4
3
3
3
4
5
4
5
3
2
8
6
6
1
2
3
0
2
2
0
3
1
2
2
4
6
3
1
2
5
2
5
6
3
1
4
6
4
3
0
3
2
2
3
8
1
3
5
4
4
2
6
1
2
3
3
3
0
1
3
3
2
4
6
0
4
1
2
4
3
5
0
4
7
4
3
1
0
5
3
2
2
1
5
3
0
5
1
3
3
2
3
5
0
5
3
3
2
2
2
0
2
2
0
7
2
5
3
1
2
2
1
4
5
2
1
2
2
0
2
4
1
1
3
2
5
2
3
2
2
3
4
3
3
2
4
2
2
0
6
3
1
3
4
1
6
4
0
2
0
3
0
4
5
0
4
2
2
0
5
1
5
1
2
1
1
5
2
3
2
5
2
6
2
4
3
0
6
2
2
5
2
4
3
2
2
2
4
5
5
3
5
2
6
4
2
1
2
4
2
0
3
3
1
5
2
1
4
2
1
2
6
1
2
4
3
5
2
2
3
2
3
2
0
4
4
1
2
3
3
5
3
3
1
6
5
4
3
1
3
2
1
1
1
2
3
4
3
4
2
0
4
2
0
5
3
2
3
0
0
3
1
2
2
4
1
2
2
3
0
0
3
3
2
3
3
1
2
2
2
3
2
8
2
3
3
2
3
2
3
1
4
7
1
3
3
3
5
1
2
0
3
2
0
4
1
2
2
5
2
3
0
3
1
4
2
1
2
4
2
3
3
0
4
3
4
2
0
4
0
1
2
3
2
2
3
4
1
2
3
2
3
3
3
3
3
2
3
3
0
0
3
0
1
5
0
3
3
4
5
5
2
2
1
4
2
1
2
7
1
3
3
2
2
1
3
5
4
4
2
1
3
3
1
6
4
3
3
4
8
2
2
0
4
3
4
1
2
5
3
3
2
4
3
1
0
0
0
1
1
7
5
2
3
2
3
3
3
3
1
5
1
3
3
4
2
5
2
1
2
1
3
2
6
2
1
2
2
4
2
3
1
1
4
2
6
4
1
3
6
4
1
0
2
1
1
0
1
2
2
1
2
3
3
3
3
2
1
2
3
1
3
3
2
1
2
3
3
1
1
2
4
4
2
1
4
4
1
5
2
3
2
3
1
3
3
3
2
3
2
3
4
2
4
2
5
2
3
2
2
2
3
2
3
6
5
2
3
4
3
4
1
0
4
3
3
1
6
4
5
1
2
2
1
2
2
4
3
3
4
2
4
3
3
1
1
2
2
1
1
2
3
5
3
1
4
3
1
5
3
0
0
4
0
3
7
3
0
$ENER_FIT:
0 1
$ENER_DATA:
0
