$SPEC_REM:
PSpect
ID: 
\\VBOXSVR\oliverb\Desktop\60Co2LayersOfPlastic4days1.9cmthick6cmdist.spe
$DATE_MEA:
08/13/2020 15:41:41
$MEAS_TIM:
345447 345523
$DATA:
0 4095
0
0
0
0
0
0
0
0
0
0
0
0
0
0
0
0
0
0
2
0
0
0
2
5
23
101
282
674
1379
2467
3444
4944
6332
7442
8461
9341
10122
10970
11657
12285
12546
13483
13830
14121
11356
8637
11394
14859
18467
20425
19361
17389
16094
15248
15003
15147
15509
15802
16634
16966
17032
18132
18403
18731
18831
19090
18871
19340
19224
19497
19638
19888
20094
19963
20397
20517
20343
21001
21041
21171
21198
21746
21842
22092
21909
22166
22527
22802
22775
23312
23195
23342
23162
23920
23838
23619
23654
24250
24195
24135
23684
24052
24666
24127
24296
24702
24294
24067
24135
24026
24034
24201
24020
23912
23921
24121
23611
23859
23880
23534
23751
23868
23425
23580
22887
23177
23274
22966
22573
22987
22473
22815
22323
22309
22359
22256
21918
21833
21645
21492
22006
21506
21400
21522
20911
21111
21308
21282
20790
20844
20943
20658
20658
20532
20087
20270
19856
19987
19790
19615
19929
19969
19505
19635
19230
19156
19108
19128
19235
18870
19026
18582
18314
18799
18508
18135
18165
17920
17789
17881
17383
17726
17262
16848
17158
17065
16920
16887
16810
16281
16603
16198
16117
16095
16031
15862
15480
15421
15554
15216
15234
15294
15377
14777
14559
15035
14549
14561
14229
14494
14222
14184
13602
13879
13888
13797
13666
13403
13357
13126
13092
13131
13149
12801
12560
12718
12493
12399
12314
12361
12188
12220
12274
12116
11896
11742
11844
11888
11697
11460
11570
11469
11437
11261
11172
11337
11126
11143
10996
11026
10684
11016
10611
10791
10676
10633
10524
10512
10317
10312
9967
10179
10254
10227
10210
10242
10103
10132
9908
9720
9750
9820
9782
9755
9732
9732
9803
9550
9766
9757
9926
9725
9729
9809
9618
9646
9671
9723
9670
9522
9618
9538
9408
9286
9208
9373
9289
9233
9277
8985
8906
8803
8780
8627
8582
8517
8294
8417
8227
8423
8176
8336
8124
8159
8196
8046
8313
8053
8228
7973
8164
8028
7855
7836
7587
7709
7502
7326
7192
7145
7124
6972
6631
6851
6576
6440
6513
6386
6454
6323
6118
6163
6074
6142
6047
5908
6018
5882
5816
5857
5848
5965
5853
5549
5768
5532
5527
5628
5505
5523
5412
5532
5459
5452
5429
5321
5364
5393
5365
5247
5240
5121
5045
5260
5142
5292
5040
5052
5017
4966
4943
4941
4875
4821
4774
5016
4814
4775
4827
4704
4854
4808
4763
4813
4914
4745
4775
4725
4811
4747
4797
4590
4634
4744
4487
4488
4579
4474
4413
4446
4459
4444
4419
4218
4408
4421
4372
4279
4402
4394
4324
4513
4327
4181
4267
4227
4122
4261
4012
4138
4160
4200
4068
4059
3917
4144
3999
4023
4031
3999
4027
3868
3943
4005
3864
3966
3901
3906
3893
3824
3845
3952
3800
3856
3893
3881
3790
3857
3782
3910
3777
3915
3752
3810
3762
3695
3799
3766
3761
3857
3744
3645
3835
3722
3793
3845
3652
3588
3620
3591
3524
3502
3520
3503
3369
3361
3398
3349
3424
3423
3325
3309
3376
3263
3256
3272
3244
3197
3295
3177
3216
3252
3178
3205
3198
3189
3185
3118
3087
3151
3136
3174
3149
3015
3022
3065
3062
3060
3069
2958
3013
3127
3007
3020
3087
3063
3052
3064
2957
3027
3051
3035
3058
2955
2969
2964
2883
2914
2983
2951
2808
2807
2808
2907
2856
2820
2891
2891
2886
2923
2804
2992
2792
2847
2823
2893
2734
2723
2769
2775
2755
2745
2773
2766
2639
2771
2700
2727
2692
2744
2684
2688
2718
2630
2651
2723
2617
2792
2670
2705
2615
2704
2747
2579
2647
2697
2687
2624
2629
2717
2598
2689
2579
2553
2509
2621
2545
2596
2709
2576
2602
2566
2456
2615
2518
2632
2633
2526
2583
2563
2545
2542
2492
2560
2518
2506
2474
2519
2503
2533
2485
2529
2462
2407
2462
2519
2495
2472
2433
2466
2428
2422
2413
2500
2432
2280
2449
2455
2392
2489
2343
2407
2317
2280
2311
2329
2300
2335
2423
2369
2355
2316
2357
2341
2285
2417
2291
2394
2330
2292
2409
2316
2336
2381
2355
2330
2311
2312
2351
2289
2302
2331
2297
2332
2350
2267
2328
2311
2316
2249
2311
2345
2356
2318
2336
2407
2337
2258
2220
2329
2329
2363
2224
2326
2239
2329
2283
2299
2261
2287
2278
2333
2242
2261
2160
2227
2267
2273
2190
2192
2166
2208
2158
2180
2187
2157
2160
2214
2189
2096
2217
2191
2123
2146
2121
2107
2159
2259
2294
2131
2057
2243
2070
2212
2202
2148
2111
2188
2148
2110
2105
2132
2133
2128
2215
2130
2166
2148
2035
2192
2116
2127
2157
2086
2066
2000
2176
2079
2163
2141
2045
2098
2108
2102
2054
2146
2114
2140
2131
2133
2155
2170
1997
2060
2177
2091
2166
2190
2138
2161
2135
2164
2166
2167
2201
2186
2158
2095
2141
2162
2133
2104
2080
2014
2080
2082
2069
1993
1966
2067
2015
1944
2003
2076
1998
1971
1963
2137
2059
2063
2063
2109
2021
2082
2100
2084
2196
2191
2088
2124
2087
2078
2094
2112
2117
2038
2077
1982
1991
1948
2020
2104
2015
2007
1922
1956
1934
1894
1923
1939
1974
1938
1934
2022
1963
1905
1920
1936
1955
2007
1864
1990
1861
1963
1872
1917
1888
1924
1849
1963
1927
1939
1861
2021
1946
1994
1978
1990
1968
1893
1966
1882
1886
1892
1911
1908
1953
1957
1852
1943
1927
1899
1889
1825
1940
1814
1901
1943
1870
1812
1985
1847
1839
1824
1924
1931
1879
1995
1861
1923
1883
1842
1848
1853
1814
1868
1964
1921
1870
1883
1903
1871
1819
1853
1925
1952
1818
1976
1839
1951
1893
1921
1875
1974
1846
1951
1866
1910
1964
1830
1916
1940
1919
1871
1811
1966
1834
1885
1827
1859
1836
1891
1865
1870
1856
1830
1815
1824
1888
1868
1922
1886
1911
1895
1841
1880
1855
1883
1865
1973
1829
1856
1928
1817
1880
1902
1818
1863
1873
1878
1866
1930
1879
1872
1860
1900
1767
1910
1878
1849
1830
1895
1845
1958
1855
1941
1960
1781
1770
1822
1912
1837
1893
1856
1879
1920
1890
1873
1784
1889
1917
1906
1897
1815
1820
1885
1836
1906
1860
1954
1802
1865
1823
1908
1883
1888
1848
1782
1889
1864
1845
1797
1932
1861
1819
1907
1801
1864
1872
1863
1887
1850
1913
1865
1913
1841
1879
1901
1814
1850
1828
1881
1836
1957
1919
1863
1902
1849
1900
1861
1901
1859
1918
1891
1858
1867
1787
1912
1911
1847
1833
1964
1851
1919
1808
1804
1858
1882
1909
1881
1816
1803
1907
1875
1837
1839
1863
1774
1926
1775
1786
1858
1880
1877
1755
1950
1887
1832
1936
1847
1823
1843
1773
1856
1878
1795
1835
1862
1937
1915
1865
1782
1794
1825
1859
1836
1858
1869
1919
1933
1859
1882
1917
1834
1844
1884
1777
1864
1871
1849
1973
1848
1833
1836
1831
1809
1836
1829
1874
1938
1858
1877
1882
1892
1843
1865
1873
1885
1880
1838
1790
1794
1912
1888
1933
1771
1975
1855
1909
1881
1893
1783
1934
1859
1922
1894
1801
1912
1902
1911
1932
1866
1877
1877
1941
1904
1912
1876
1854
1871
1873
1797
1829
1862
1963
1833
1819
1855
1928
1847
1862
1861
1839
1891
1827
1885
1916
1860
1891
1892
1803
1914
1830
1901
1876
1803
1863
1832
1849
1892
1866
1862
1894
1868
1875
1901
1895
1869
1933
1904
1881
1926
1820
1811
1918
1910
1860
1895
1950
1844
1888
1976
1878
1842
1918
1881
1887
1869
1900
1887
1810
1807
1840
1842
1894
1742
1870
1890
1771
1879
1818
1814
1933
1834
1872
1988
1795
1860
1743
1831
1844
1785
1798
1796
1829
1787
1852
1825
1764
1844
1844
1862
1836
1778
1756
1842
1871
1784
1881
1711
1863
1743
1758
1805
1814
1663
1809
1683
1802
1680
1812
1786
1778
1720
1758
1705
1669
1706
1683
1657
1651
1669
1546
1622
1528
1566
1567
1553
1479
1480
1407
1473
1471
1360
1403
1447
1392
1331
1300
1352
1355
1245
1295
1281
1219
1296
1221
1319
1284
1326
1221
1226
1278
1200
1228
1240
1192
1246
1211
1297
1201
1218
1201
1269
1186
1204
1242
1178
1197
1162
1146
1275
1113
1204
1197
1192
1206
1273
1156
1175
1142
1119
1158
1190
1164
1134
1210
1198
1138
1178
1133
1167
1158
1171
1124
1124
1192
1164
1159
1195
1196
1179
1170
1095
1165
1126
1171
1242
1152
1162
1121
1191
1144
1160
1116
1165
1166
1123
1146
1210
1107
1168
1172
1123
1103
1138
1126
1169
1089
1150
1142
1126
1160
1186
1131
1137
1170
1146
1139
1128
1113
1162
1115
1117
1158
1150
1109
1185
1087
1146
1110
1146
1079
1139
1181
1136
1191
1127
1079
1113
1135
1071
1127
1111
1110
1134
1131
1129
1086
1094
1059
1134
1185
1111
1149
1148
1098
1149
1189
1141
1095
1117
1156
1185
1142
1121
1107
1181
1122
1192
1035
1177
1172
1181
1183
1113
1126
1143
1112
1115
1198
1166
1197
1195
1115
1149
1149
1176
1134
1139
1217
1194
1174
1156
1126
1208
1215
1139
1209
1124
1166
1150
1110
1096
1147
1066
1021
1095
1079
1035
986
976
913
1008
982
969
933
953
965
931
876
803
830
829
835
785
808
793
793
781
782
743
762
746
726
786
735
732
767
759
709
726
728
755
717
698
711
734
740
739
777
778
784
760
738
788
768
811
827
840
817
909
866
911
995
1003
1074
1181
1276
1394
1482
1658
1784
1948
2262
2310
2538
2780
2876
3174
3194
3283
3262
3336
3205
3172
3123
2960
2782
2662
2341
2253
2012
1826
1640
1485
1275
1232
1077
991
890
833
748
727
672
642
674
577
574
551
489
522
485
495
454
464
464
423
394
435
424
400
380
424
387
346
342
337
337
359
335
344
317
298
371
300
333
318
302
306
318
308
284
285
331
285
321
295
284
290
281
282
304
295
297
293
306
289
301
287
287
291
291
277
306
317
305
284
315
316
322
284
293
319
324
314
304
297
329
304
308
296
308
335
289
275
304
298
347
303
292
318
306
307
327
301
303
302
338
303
334
323
332
313
337
299
344
313
316
325
329
317
330
348
326
324
336
333
333
330
297
328
344
297
297
334
346
330
323
293
343
356
329
313
347
322
329
324
310
323
304
298
357
299
307
305
363
363
320
357
331
346
359
360
329
362
391
379
368
400
375
401
393
411
366
362
423
424
457
429
480
462
516
556
517
585
611
629
685
743
862
887
989
1095
1211
1374
1409
1629
1765
1946
2041
2208
2339
2406
2429
2418
2419
2275
2260
2229
2104
1834
1738
1611
1480
1306
1220
1044
994
819
790
689
594
544
487
458
389
369
318
300
324
268
270
246
240
223
223
208
174
196
175
183
174
169
136
157
155
125
131
117
144
124
122
120
102
121
124
98
83
120
116
128
102
97
96
110
98
84
90
110
90
94
79
70
81
79
83
90
79
80
86
84
79
81
81
75
72
73
95
75
83
78
74
86
87
77
84
74
75
93
96
77
95
88
79
95
103
85
91
69
106
80
95
81
86
70
78
82
72
67
76
58
61
82
65
78
73
50
46
64
63
55
64
63
55
56
55
55
54
62
55
59
59
58
77
72
54
61
32
52
65
55
52
54
53
60
84
64
68
82
64
61
69
95
89
96
87
101
125
105
94
136
132
145
143
141
140
130
148
116
141
115
96
98
106
101
100
97
78
75
79
49
63
71
54
64
58
59
49
36
64
34
48
40
52
45
35
51
36
41
44
37
37
29
39
47
39
38
40
27
34
33
37
40
41
30
33
43
35
38
34
25
35
40
30
30
45
25
37
29
35
33
33
29
32
25
29
39
37
39
32
33
37
24
27
34
34
24
31
30
36
33
30
34
36
31
19
32
25
48
25
42
38
32
30
28
25
13
28
36
21
28
32
24
24
23
23
24
28
32
25
22
28
28
27
26
18
24
26
38
28
35
28
21
27
30
23
26
30
29
22
24
39
22
19
34
21
26
30
26
23
29
20
29
23
27
33
21
24
37
39
34
26
23
42
27
39
35
43
37
52
54
53
48
48
55
51
46
57
47
49
61
63
60
60
55
30
49
43
42
40
44
39
31
35
29
41
38
39
30
32
37
30
25
24
26
26
27
26
24
29
26
23
24
22
36
29
20
24
20
25
23
19
24
32
21
30
17
24
18
19
24
20
26
24
15
20
21
24
21
30
29
22
24
29
29
15
18
15
18
11
18
20
21
28
28
24
17
24
13
14
22
16
20
12
22
21
22
16
23
22
25
16
21
16
24
17
16
19
15
20
18
25
20
18
23
19
29
15
19
19
24
18
19
28
14
14
14
19
23
17
20
27
10
23
25
24
13
25
15
17
15
16
18
22
18
13
17
20
19
17
21
15
21
14
15
15
18
20
15
15
31
19
19
12
14
18
24
19
26
10
28
12
19
19
13
14
22
12
25
16
14
14
24
15
24
17
20
20
23
26
16
16
24
31
19
20
20
24
19
21
16
15
16
13
18
20
16
22
14
14
12
15
17
17
14
18
19
14
16
8
18
20
21
11
15
18
23
19
23
20
13
25
20
23
26
18
30
28
22
31
32
32
28
23
18
14
20
18
21
12
17
20
17
16
19
16
16
21
16
10
29
18
17
10
17
14
18
21
12
15
19
14
15
14
21
13
8
16
16
15
16
15
20
16
16
18
9
11
17
11
15
11
12
19
16
5
16
12
15
15
14
10
15
15
16
18
8
18
9
13
15
20
23
10
10
16
14
14
13
12
19
15
12
13
15
20
11
12
16
20
12
17
15
9
16
14
16
14
8
19
19
15
14
10
8
20
18
14
19
14
12
7
17
12
14
16
23
17
22
12
12
15
15
10
9
12
10
8
17
15
16
14
13
14
18
19
13
7
16
10
17
19
23
16
17
13
11
19
14
8
12
13
15
13
14
17
7
17
14
8
11
14
10
15
15
14
16
16
10
13
14
14
14
14
17
12
11
15
17
6
7
9
15
13
19
22
9
18
17
8
19
12
16
16
16
18
18
15
11
10
11
14
14
7
10
11
24
14
16
14
15
10
19
11
11
12
13
17
9
12
12
14
19
17
16
12
15
8
16
12
16
18
18
22
16
8
8
7
12
20
18
11
8
7
11
9
9
15
14
15
11
7
15
15
8
6
11
12
19
16
14
8
12
9
11
16
11
10
13
19
9
12
13
9
16
13
10
15
13
17
16
13
14
14
9
10
10
11
11
17
10
6
8
6
17
4
6
10
18
12
13
12
9
11
18
14
11
9
12
14
10
7
5
19
9
8
8
11
8
9
13
15
13
12
17
13
13
15
4
9
19
10
10
16
5
10
15
19
13
15
9
10
14
11
12
7
7
10
12
12
4
11
7
11
14
10
14
12
18
11
12
6
11
15
8
12
9
8
10
11
10
12
7
9
5
15
11
11
9
11
12
10
12
14
9
11
6
14
8
13
13
10
7
13
9
18
7
9
10
12
11
7
6
7
8
10
12
13
14
16
11
11
11
9
11
9
12
9
12
11
8
12
10
8
14
11
7
11
13
17
11
9
18
12
14
14
10
15
13
14
9
17
9
15
16
11
22
12
14
10
21
23
19
8
9
12
5
13
12
9
15
13
11
8
11
16
12
13
11
17
12
10
14
6
13
14
8
7
10
11
15
12
12
10
10
14
21
7
7
16
13
17
11
8
15
11
11
7
11
14
10
8
10
3
12
10
13
9
13
12
11
11
13
7
9
5
11
9
7
8
9
8
15
9
9
8
15
7
7
10
10
11
5
15
12
10
13
12
14
9
18
7
16
12
7
8
12
9
15
9
9
15
13
7
6
11
9
4
12
13
12
11
9
10
15
14
6
10
10
12
11
14
14
12
10
7
11
16
10
16
14
11
5
12
13
13
17
10
8
12
10
18
9
16
7
10
12
8
10
5
13
16
14
14
14
15
14
7
12
6
10
5
7
10
10
5
10
9
9
16
8
9
5
9
11
12
11
9
9
9
9
7
10
5
9
15
13
11
8
13
10
3
6
6
3
10
8
9
5
12
7
6
9
10
13
10
15
10
12
10
6
9
9
18
10
10
12
12
7
7
9
14
14
14
12
8
11
8
12
5
9
15
4
10
12
8
7
4
12
10
11
7
14
7
8
7
10
9
12
6
7
6
14
7
8
10
13
8
6
7
4
8
12
13
14
9
6
11
16
12
10
13
10
11
9
5
6
9
8
10
14
7
7
8
13
11
11
6
9
12
7
9
9
6
11
4
10
8
6
6
12
13
7
12
9
8
11
7
9
10
17
8
4
9
6
7
9
6
10
3
12
10
8
6
14
10
6
10
6
5
8
7
6
10
7
13
10
11
3
8
8
12
9
14
6
6
7
13
10
6
8
6
8
11
8
11
5
5
8
7
2
6
0
3
7
7
5
12
6
5
6
6
5
5
3
7
5
3
7
5
7
11
2
7
6
3
3
3
3
4
2
7
4
8
6
7
9
6
3
2
5
4
2
1
5
7
5
6
6
2
4
3
9
5
2
1
2
2
1
5
3
6
10
5
4
2
5
8
7
1
6
3
3
4
6
2
4
2
1
5
4
3
9
4
1
5
2
3
5
6
3
3
3
0
6
5
5
2
8
2
6
2
2
3
3
4
7
4
5
5
2
4
2
2
9
3
6
6
5
5
2
1
3
6
5
0
6
3
3
2
6
6
3
5
4
5
5
3
6
0
2
3
5
4
2
1
3
2
5
3
5
2
3
1
7
1
2
7
1
3
1
1
1
5
6
2
1
3
4
4
2
4
4
3
1
1
3
1
3
2
5
7
2
4
3
2
1
4
5
6
4
6
2
4
2
4
1
1
4
2
6
3
2
2
2
3
4
4
5
3
5
5
8
4
3
2
4
2
5
5
3
3
6
1
3
3
2
4
6
4
3
4
5
6
2
4
1
6
3
1
2
5
5
6
3
1
2
2
5
4
4
2
0
9
3
5
4
4
2
5
1
2
4
3
6
3
8
5
5
5
5
4
4
4
3
8
5
5
9
5
10
7
7
2
6
4
12
10
11
9
7
12
3
6
15
16
17
14
18
18
13
13
21
12
19
17
11
11
10
9
12
11
9
6
13
3
4
7
6
5
6
6
1
4
6
3
2
6
4
4
7
2
3
4
5
3
3
0
4
4
4
3
2
2
2
1
3
2
1
1
5
3
3
3
0
1
2
3
4
3
3
2
2
0
2
2
4
4
1
1
1
3
2
2
4
3
0
3
2
1
1
1
3
1
1
3
3
2
1
1
1
0
3
0
2
1
1
1
1
5
3
1
4
2
1
0
2
0
1
1
4
4
2
1
0
1
2
3
2
5
2
1
2
2
1
1
3
1
1
0
3
2
1
0
1
1
2
1
2
2
3
0
1
1
1
2
2
2
2
1
3
1
1
2
1
3
1
2
2
2
1
3
1
3
2
1
1
1
1
2
2
0
3
0
0
4
1
0
2
3
3
1
3
0
0
3
1
4
1
0
3
1
7
3
3
3
0
1
0
1
1
2
2
0
1
1
2
1
2
0
2
1
2
1
0
2
2
2
3
3
0
0
3
0
1
3
1
1
3
2
1
0
1
1
0
0
0
5
0
2
1
2
1
0
1
0
0
0
3
3
1
4
3
3
3
0
1
1
0
1
3
1
1
3
0
1
0
0
1
2
1
1
2
0
3
0
1
1
1
0
1
2
1
1
2
1
1
1
2
3
0
3
1
1
1
0
3
0
1
0
3
1
1
1
1
0
1
2
4
4
2
0
1
0
0
1
2
1
3
1
2
0
2
1
1
2
1
1
0
0
0
2
5
1
1
0
2
2
0
2
4
2
1
1
1
1
3
4
2
0
0
0
1
1
0
2
1
3
0
2
1
2
0
1
1
0
1
0
2
2
2
6
3
1
1
0
1
2
0
4
0
0
0
1
0
3
1
3
1
3
2
0
0
1
6
0
1
1
2
1
0
0
1
2
1
2
1
1
3
3
1
2
1
1
3
1
1
2
2
3
5
1
2
1
3
2
3
2
1
1
1
2
1
0
4
0
2
3
2
0
4
1
1
2
1
1
0
4
1
3
0
1
0
1
1
4
2
3
1
1
2
0
1
2
2
2
2
0
0
1
0
0
0
1
1
4
3
0
1
0
2
0
3
2
1
3
2
1
2
1
1
3
0
3
3
2
2
2
0
0
2
2
1
2
3
2
2
2
1
0
1
4
1
1
1
2
1
0
4
5
1
3
1
2
1
0
3
3
4
0
2
1
3
1
0
0
3
1
1
3
1
2
2
2
1
0
2
1
2
8
1
3
0
3
2
2
0
0
1
2
0
0
0
2
2
1
2
3
1
0
1
1
1
2
0
2
0
2
3
1
1
0
3
1
1
2
1
1
3
0
3
1
2
1
1
0
2
1
3
4
1
1
1
1
1
2
0
2
2
1
0
0
1
2
0
1
0
3
1
3
3
2
1
1
2
$ENER_FIT:
0 1
$ENER_DATA:
0
