$SPEC_REM:
PSpect
ID: 
\\VBOXSVR\oliverb\Desktop\60Co3LayersOfPlastic4days6cmdist.spe
$DATE_MEA:
08/20/2020 15:45:33
$MEAS_TIM:
345661 345738
$DATA:
0 4095
0
0
0
0
0
0
0
0
0
0
0
0
0
0
0
0
0
0
0
0
0
0
1
8
27
100
346
776
1510
2582
3958
5228
6312
7521
8529
9252
10167
10823
11604
11946
12524
13191
13513
14011
9875
9447
12098
15559
19182
20164
18915
17097
15685
15279
15193
15336
15869
16054
16959
17282
17628
18494
18636
18769
19046
19308
19637
19719
19465
19855
20421
20117
20323
20558
20630
21153
21008
21361
21470
21434
21458
21801
22044
22334
22280
22984
22944
22977
23115
23675
23321
23452
23814
23884
24155
24057
24525
24535
24540
24308
24219
24354
24625
24453
24348
24589
24479
24324
24335
24246
24350
24088
24362
24277
24088
24272
23850
24098
24062
24119
23806
24019
23838
23443
23359
23875
23641
23212
23012
23193
22755
23157
22636
22468
22639
22479
22569
22367
22383
22060
22040
21719
21784
22051
21514
21688
21444
21587
21053
20958
21007
21055
21335
20777
20623
20795
20422
20452
20367
19977
20036
20285
20182
19630
19736
19692
19732
19574
19306
19380
19145
19051
18748
18845
18787
18551
18473
18596
18289
18155
17578
17916
17828
17501
17525
17276
17210
17110
16860
16767
16837
16676
16562
16327
16320
16143
16022
15911
16010
15668
15861
15639
15537
15161
14882
15225
15009
14719
14620
14599
14420
14249
14223
14018
13916
13881
13799
13656
13816
13398
13384
13288
13258
13029
12939
13224
12916
12873
12728
12768
12385
12367
12484
12220
12065
12136
11850
11901
11921
11804
11815
11611
11797
11635
11594
11615
11323
11424
11264
11096
11320
11191
10977
11019
10814
10768
10612
10513
10347
10353
10320
10389
10416
10187
10298
10184
10118
10131
9824
10196
9920
9946
9764
10213
9980
9988
9822
9907
9739
9883
9875
9822
9847
9734
9850
9880
9822
9676
9812
9553
9580
9688
9378
9374
9340
9027
9213
9164
9274
8881
8821
8690
8756
8633
8569
8618
8583
8626
8332
8331
8245
8259
8159
8326
8212
8030
8089
8024
8118
8063
8099
8042
7837
7981
7694
7741
7707
7333
7335
7173
6958
6788
6858
6652
6584
6548
6431
6370
6325
6266
6244
6182
6288
6157
6043
6055
6159
5841
5848
5873
5941
5615
5848
5674
5730
5830
5687
5545
5618
5534
5586
5559
5484
5376
5513
5440
5281
5398
5337
5389
5347
5187
5222
5256
5129
5105
5173
5180
5031
5054
4866
5020
4942
4974
4942
4912
4918
4828
4837
4990
4767
4912
4857
4858
4882
5009
4761
4788
4634
4760
4744
4699
4747
4682
4553
4521
4629
4708
4524
4410
4556
4466
4425
4384
4577
4533
4400
4560
4410
4345
4340
4453
4363
4318
4265
4247
4186
4229
4049
3996
4148
4127
4132
4063
4057
3915
4012
3980
4065
4052
4079
3989
3978
4089
3950
3998
3986
3939
3960
3902
3940
3986
3819
3946
3911
3968
3881
3852
3918
3850
3804
3756
3887
3729
3839
3682
3663
3789
3792
3928
3809
3750
3865
3717
3623
3781
3666
3673
3676
3569
3603
3434
3532
3357
3495
3408
3443
3351
3310
3403
3395
3273
3146
3314
3345
3340
3238
3259
3290
3234
3167
3272
3159
3272
3197
3219
3234
3229
3195
3172
3079
3150
3195
3077
3131
3097
3167
3118
3031
2962
3049
3012
3104
3057
3019
2979
3065
3075
2928
3079
2976
3008
3053
3072
2915
2955
2938
2894
2964
2987
2940
2971
2875
2859
2839
2935
2899
2913
2937
2957
2768
2864
2869
2934
2809
2827
2769
2838
2910
2722
2854
2689
2806
2615
2789
2697
2725
2794
2687
2667
2666
2696
2680
2814
2785
2696
2648
2660
2717
2600
2708
2662
2718
2627
2672
2601
2619
2622
2626
2656
2708
2619
2682
2561
2557
2533
2645
2563
2635
2556
2524
2622
2616
2543
2518
2527
2558
2528
2439
2479
2482
2666
2571
2455
2586
2556
2533
2594
2504
2522
2499
2463
2481
2454
2443
2469
2467
2479
2512
2381
2382
2388
2363
2370
2358
2460
2460
2345
2394
2422
2429
2406
2384
2447
2267
2381
2387
2373
2275
2416
2330
2475
2384
2285
2423
2399
2292
2394
2351
2332
2377
2342
2274
2244
2200
2359
2317
2301
2267
2269
2251
2307
2320
2296
2299
2323
2322
2210
2202
2305
2292
2223
2393
2338
2317
2391
2288
2333
2299
2337
2239
2303
2249
2246
2262
2305
2258
2284
2231
2217
2221
2148
2324
2157
2146
2188
2215
2217
2230
2239
2177
2169
2160
2164
2148
2140
2100
2127
2186
2126
2164
2078
2133
2125
2153
2084
2135
2177
2221
2199
2135
2104
2154
2134
2170
2171
2218
2089
2133
2077
2150
2149
2097
2108
2135
2094
2121
2183
2098
2162
2117
2113
2107
2086
2128
2186
2115
2068
2096
2030
2049
2102
2014
2101
2072
2131
2167
2117
2068
2063
2065
2030
2114
2112
2105
2153
2090
2094
2074
2172
2203
2202
2130
2163
2172
2176
2220
2210
2065
2134
2057
2042
2100
2134
1993
2098
1965
2063
2057
1936
2008
1999
2078
2007
1970
2009
2027
2017
1997
2069
1991
2068
1995
2088
2046
2143
2130
2082
2123
2150
1969
2055
2100
2087
1978
2056
1994
2052
1954
1992
1939
1909
1990
2041
1949
2021
1884
1889
1959
1936
1928
1970
2041
1971
1851
1968
1921
1895
1849
1920
1944
1962
1942
1844
1827
1922
1924
1943
1963
2010
1862
1866
1981
1877
1902
1909
1841
1888
1937
1860
1806
1935
1866
1943
1905
1832
1855
1850
1900
1863
1900
1932
1860
1864
1895
1961
1950
1909
1902
1801
1851
1846
1858
1871
1902
1878
1800
1860
1891
1838
1938
1917
1868
1818
1777
1890
1849
1867
1849
1804
1801
1827
1809
1923
1897
1967
1787
1877
1893
1867
1881
1881
1893
1908
1867
1814
1892
1871
1842
1857
1795
1899
1867
1913
1880
1838
1911
1893
1785
1876
1910
1808
1847
1808
1844
1875
1834
1836
1891
1858
1879
1826
1889
1775
1759
1887
1781
1902
1794
1776
1853
1788
1800
1853
1844
1843
1828
1843
1810
1887
1819
1797
1827
1801
1825
1857
1861
1842
1844
1851
1846
1858
1780
1757
1899
1853
1913
1778
1795
1857
1810
1798
1838
1807
1872
1822
1717
1851
1845
1802
1824
1779
1848
1780
1830
1741
1828
1803
1821
1844
1876
1805
1764
1776
1744
1875
1778
1826
1754
1861
1760
1778
1801
1869
1733
1810
1846
1781
1839
1823
1833
1798
1807
1817
1859
1881
1768
1867
1859
1822
1784
1829
1826
1817
1847
1870
1851
1822
1760
1784
1857
1847
1812
1800
1827
1835
1772
1812
1795
1750
1772
1853
1820
1781
1805
1853
1774
1745
1797
1731
1791
1799
1816
1804
1823
1788
1691
1809
1858
1760
1782
1775
1746
1815
1807
1851
1751
1834
1905
1796
1813
1783
1840
1810
1764
1791
1830
1854
1842
1818
1774
1784
1793
1843
1711
1735
1793
1830
1722
1857
1798
1822
1830
1826
1790
1858
1763
1799
1773
1777
1811
1754
1799
1796
1762
1853
1842
1801
1818
1771
1801
1757
1773
1826
1765
1777
1783
1774
1764
1795
1771
1825
1835
1745
1833
1789
1846
1783
1787
1849
1883
1820
1832
1833
1728
1848
1802
1779
1822
1795
1873
1775
1826
1780
1819
1816
1746
1835
1773
1752
1795
1743
1815
1789
1761
1769
1841
1796
1794
1777
1796
1820
1763
1792
1769
1830
1812
1813
1755
1774
1875
1826
1823
1739
1794
1787
1778
1796
1737
1741
1793
1826
1742
1745
1790
1854
1846
1793
1809
1850
1792
1809
1808
1740
1773
1659
1734
1836
1893
1786
1795
1810
1853
1752
1841
1800
1805
1799
1777
1814
1824
1741
1750
1847
1774
1746
1750
1790
1723
1795
1771
1683
1722
1791
1817
1781
1761
1715
1673
1732
1650
1727
1699
1781
1665
1703
1761
1775
1769
1710
1668
1729
1675
1772
1684
1768
1730
1710
1683
1637
1632
1664
1688
1672
1593
1715
1643
1695
1668
1625
1653
1679
1582
1681
1596
1581
1584
1598
1525
1572
1527
1563
1413
1472
1550
1433
1473
1455
1440
1387
1406
1326
1375
1297
1339
1306
1277
1247
1253
1191
1264
1289
1307
1204
1211
1261
1184
1198
1161
1172
1195
1223
1160
1218
1153
1133
1189
1150
1179
1152
1166
1143
1228
1186
1219
1112
1165
1142
1164
1095
1138
1172
1180
1091
1103
1141
1115
1124
1155
1105
1105
1126
1169
1128
1108
1105
1046
1097
1126
1113
1060
1128
1119
1106
1068
1057
1113
1110
1117
1120
1121
1058
1086
1090
1123
1112
1117
1093
1062
1090
1110
1103
1163
1072
1085
1092
1084
1090
1039
1076
1143
1064
1130
1098
1084
1118
1104
1109
1124
1137
1085
1114
1062
1098
1104
1078
1098
1073
1073
1068
1044
1059
1076
1088
1073
1102
1053
1074
1118
1114
1056
1060
1069
1094
1100
1052
1015
1104
1081
1040
1075
1137
1062
1139
1125
1072
1060
1051
1102
1101
1099
1104
1118
1151
1127
1090
1079
1165
1084
1100
1135
1092
1073
1112
1069
1111
1147
1074
1142
1124
1106
1092
1106
1103
1107
1070
1147
1127
1108
1199
1138
1056
1143
1122
1149
1091
1195
1119
1135
1113
1125
1126
1119
1127
1121
1156
1103
1058
1085
1062
1097
1084
1109
1144
1075
1083
1030
1085
1010
976
1016
968
934
875
888
878
867
865
771
821
855
818
777
807
737
764
759
746
723
723
777
680
709
733
702
731
710
724
736
696
686
721
759
716
666
699
643
706
713
671
713
731
783
712
711
723
780
765
757
833
836
794
879
878
919
962
1019
1134
1164
1232
1399
1447
1639
1873
2025
2121
2436
2525
2706
2985
3095
3156
3134
3297
3116
3026
2866
2786
2569
2411
2148
1960
1650
1534
1435
1281
1222
1096
940
862
799
760
662
689
631
581
565
507
522
490
467
456
433
443
427
394
398
383
385
420
370
352
347
378
320
335
318
331
332
369
311
331
289
342
318
333
314
254
297
305
319
336
272
332
295
304
289
333
310
289
289
270
310
302
287
312
307
301
273
292
312
277
313
311
329
302
307
293
323
274
291
293
337
315
300
299
297
301
278
316
318
326
288
290
311
311
272
350
325
333
317
297
325
324
309
317
331
350
314
341
341
308
299
316
315
323
310
324
328
289
318
348
321
344
332
363
326
326
309
325
326
302
317
315
312
305
285
332
298
277
277
307
285
294
306
317
322
322
299
279
289
290
320
285
316
308
323
322
322
318
308
308
359
341
314
320
334
352
354
371
351
366
357
370
397
404
370
372
386
434
417
448
493
475
540
532
570
574
671
700
701
805
867
975
1169
1228
1343
1483
1609
1781
1965
2125
2223
2197
2279
2330
2247
2313
2156
2049
1946
1760
1601
1407
1257
1191
1015
947
794
655
609
583
534
513
427
355
313
286
320
311
269
249
230
214
204
192
197
175
160
149
132
150
154
153
142
129
145
111
121
130
111
133
124
120
132
106
96
110
106
100
101
115
105
108
109
96
101
101
74
112
87
91
70
82
83
78
76
76
73
98
78
79
72
64
87
86
79
88
84
76
80
71
88
74
75
80
72
74
81
83
95
81
97
97
101
94
107
95
85
79
74
78
72
68
60
71
59
62
89
77
64
63
70
48
65
70
53
68
63
51
62
54
65
69
57
56
41
62
64
56
58
57
50
48
63
51
48
56
59
57
55
46
60
58
76
55
72
71
69
73
65
76
88
84
80
78
88
117
110
126
138
130
131
142
115
128
148
133
119
119
116
90
124
90
85
90
82
72
71
70
77
59
47
51
63
53
36
44
48
42
45
48
53
37
34
42
37
36
31
36
33
25
31
33
30
39
32
41
41
42
37
44
41
33
32
39
32
43
40
32
37
38
39
48
36
35
36
30
40
41
40
29
37
33
35
38
36
34
28
26
36
26
29
24
35
23
27
28
19
26
23
27
27
22
25
25
29
26
30
25
23
34
30
28
22
29
36
16
33
21
35
30
28
34
22
35
29
36
23
28
29
26
25
31
27
38
27
30
31
31
26
36
24
27
28
22
21
28
24
20
16
21
28
30
26
31
24
26
27
26
30
34
27
22
32
15
23
32
25
32
26
47
23
21
34
29
34
37
36
36
28
38
49
47
43
46
48
49
68
49
55
61
50
61
58
57
59
51
52
31
31
49
39
37
40
36
24
26
33
25
28
28
25
28
25
33
22
25
18
25
23
21
28
18
36
19
21
24
32
23
22
23
31
20
19
27
25
22
21
25
15
21
22
25
27
18
17
32
29
24
15
15
23
17
24
26
21
27
15
21
23
19
17
30
17
16
8
19
24
14
25
27
18
15
15
19
22
20
14
15
15
19
22
19
28
25
16
16
17
25
17
21
20
24
13
26
21
10
22
21
19
17
23
24
30
14
17
20
18
12
15
24
15
29
15
22
22
24
13
17
27
19
13
23
14
20
10
17
23
15
18
14
22
27
19
26
18
17
12
15
20
20
23
21
12
18
22
18
14
18
19
26
12
15
19
17
14
19
20
19
13
20
21
12
22
21
14
18
12
14
22
15
25
18
17
25
18
15
13
15
24
18
14
19
23
20
12
16
19
14
16
11
16
27
16
19
19
23
17
21
19
29
25
19
17
24
18
18
18
26
23
28
22
20
29
26
28
30
20
14
27
29
16
25
14
22
14
24
25
20
17
22
17
27
21
25
24
11
11
16
14
19
14
16
15
14
17
20
11
16
22
12
19
23
16
14
17
13
16
17
15
17
15
18
17
16
17
10
11
15
11
16
14
13
15
11
15
16
14
14
18
13
12
20
12
25
15
15
16
17
15
22
12
12
11
15
14
6
17
13
15
14
16
18
15
8
17
12
16
18
12
14
14
18
10
9
18
18
9
11
16
15
26
14
15
18
16
18
18
9
11
17
15
15
14
16
20
14
16
18
5
18
14
13
20
11
19
11
15
15
14
17
7
14
18
13
21
14
16
13
15
15
16
21
15
13
21
20
14
18
12
11
9
22
17
11
15
20
13
17
17
11
13
16
19
18
14
12
11
14
14
12
10
16
21
13
10
9
18
10
10
12
9
16
16
14
12
15
11
22
11
9
16
11
13
13
16
11
10
10
8
12
14
20
9
14
21
18
14
11
11
19
6
9
15
20
17
8
17
15
7
19
11
10
6
8
14
14
16
7
20
7
8
17
14
16
16
11
11
13
9
15
10
12
11
14
11
18
12
5
15
10
12
10
10
12
10
21
14
17
13
16
6
8
13
12
12
20
8
18
13
7
13
11
7
11
14
16
17
18
17
19
12
9
12
12
15
19
14
5
17
15
18
9
15
8
17
9
14
7
9
12
4
12
6
11
11
12
12
12
8
9
6
9
9
16
13
12
9
15
19
18
13
9
8
15
13
10
8
16
11
6
16
9
8
13
13
14
18
9
9
9
12
12
14
9
10
12
13
12
9
15
13
16
11
15
11
7
16
12
11
12
8
7
8
10
16
10
4
11
17
12
19
12
10
12
11
14
19
7
11
14
16
11
10
8
10
8
13
8
13
15
13
11
15
20
12
14
14
11
9
8
9
13
15
14
8
7
11
8
11
11
7
19
13
17
5
7
10
14
12
8
14
14
11
7
10
6
13
16
13
17
12
14
9
13
15
19
18
17
12
13
13
15
16
14
17
15
27
14
12
17
15
14
15
9
12
8
10
12
10
11
9
17
11
8
13
11
9
11
15
10
10
11
13
10
8
16
5
4
6
8
10
8
10
6
10
12
8
9
7
15
7
18
7
9
12
9
11
16
12
7
14
9
8
14
12
12
9
11
16
11
6
13
13
11
9
9
9
8
11
9
13
16
7
11
18
9
12
7
11
5
11
13
9
7
8
6
10
10
12
14
9
11
15
11
11
13
10
12
14
10
10
14
10
12
11
9
14
14
16
7
17
12
6
14
4
10
10
17
15
9
10
11
10
11
9
16
16
10
10
10
9
11
4
16
11
11
12
10
17
9
14
10
11
7
13
9
5
7
7
11
12
9
12
6
8
12
12
11
11
16
8
16
14
8
11
11
10
9
5
6
11
5
17
8
9
13
15
7
8
6
5
9
11
7
7
8
15
11
12
10
7
12
3
12
11
10
7
13
10
17
10
12
15
11
9
12
11
14
8
10
10
5
11
8
14
9
9
6
11
5
8
13
5
7
10
9
12
9
9
6
10
11
9
8
11
6
15
10
14
4
13
14
10
8
14
10
9
13
9
17
8
14
16
12
9
14
10
13
10
9
7
11
16
11
12
10
7
7
13
14
12
11
15
10
11
7
9
17
10
8
10
5
13
5
7
7
11
12
3
14
5
9
7
12
14
10
10
4
5
10
5
9
10
7
9
14
12
5
12
11
7
9
13
3
9
5
15
8
12
11
9
11
8
5
8
9
6
11
8
8
11
6
12
10
12
7
10
13
6
15
11
9
9
9
9
12
15
10
10
12
4
10
6
3
7
3
8
5
8
7
5
7
7
9
8
3
4
5
6
10
5
7
4
5
4
5
8
3
5
6
6
4
8
5
3
4
6
8
3
4
6
5
7
8
2
5
5
5
5
5
3
5
3
3
4
5
3
7
5
3
3
0
3
6
0
3
7
3
2
5
2
9
3
1
5
5
10
1
6
7
4
2
5
9
2
4
2
2
3
6
2
6
7
5
4
4
1
5
3
1
6
4
1
3
5
5
6
5
3
2
5
4
3
6
5
1
3
2
6
7
5
6
1
2
1
3
4
5
4
6
2
6
7
5
3
2
4
4
4
5
5
5
5
4
4
4
3
1
3
1
5
3
4
2
3
3
4
2
6
5
6
5
1
2
7
1
3
7
2
5
3
1
1
4
5
2
3
1
2
2
4
5
5
4
5
2
2
4
1
1
4
1
1
4
2
5
0
0
4
3
2
4
3
4
2
6
4
4
3
3
1
1
2
4
5
3
2
3
2
0
5
2
3
5
2
2
1
7
1
2
2
4
5
5
0
6
3
1
2
5
2
8
1
8
3
3
6
4
0
8
2
3
3
3
2
2
5
4
2
4
2
3
3
2
5
4
3
5
4
5
4
2
4
6
5
2
1
5
7
6
6
6
4
5
6
8
3
11
3
5
5
7
7
7
8
4
7
7
8
8
15
10
11
10
14
15
12
14
16
11
21
9
18
13
13
8
19
12
15
4
14
7
5
5
7
6
4
5
4
2
8
6
4
3
6
2
3
7
3
2
3
2
6
4
6
3
3
1
2
3
1
3
5
2
2
5
0
3
2
4
1
1
3
1
4
3
2
1
1
1
5
1
3
2
2
2
3
0
0
4
1
2
0
0
1
1
3
2
4
2
1
2
0
0
0
2
1
3
2
4
2
1
2
1
4
1
1
1
2
2
0
1
5
1
2
1
3
3
2
3
3
0
0
2
2
2
2
4
5
1
0
2
1
1
0
5
1
2
1
1
1
3
1
1
3
2
3
2
2
2
2
1
2
0
0
1
4
3
0
0
2
1
4
4
2
3
2
0
0
0
4
2
2
0
0
0
0
5
0
2
4
1
1
0
1
1
3
1
2
1
1
0
2
2
5
0
2
3
0
2
2
1
0
1
1
1
3
3
1
0
4
2
1
0
3
3
0
2
4
2
3
1
4
1
0
1
4
0
0
1
3
1
1
2
2
1
2
3
0
1
5
1
0
2
2
2
2
1
1
1
2
3
4
1
2
2
2
3
3
2
0
3
3
2
1
1
0
3
0
1
0
4
0
1
2
3
0
1
1
0
2
1
1
0
0
0
1
2
0
0
4
1
3
3
1
0
1
6
1
0
2
1
1
2
3
1
3
0
3
3
1
1
1
2
1
1
1
1
1
0
4
0
0
0
0
2
1
3
0
1
1
0
3
4
1
2
0
1
1
1
2
0
2
3
1
0
6
1
1
0
2
3
2
1
2
1
3
2
3
0
2
2
5
4
2
0
2
3
2
1
3
2
3
2
1
0
0
1
1
1
1
0
1
4
2
0
1
4
3
2
2
7
2
0
1
2
2
2
3
0
2
0
4
3
0
2
0
2
1
1
0
3
2
0
2
0
0
0
1
2
1
4
1
1
2
1
3
1
1
2
4
1
4
4
3
3
3
2
0
2
2
2
2
0
3
3
4
1
0
0
2
3
2
3
2
2
0
0
2
2
1
1
2
3
2
1
2
4
3
0
1
0
0
1
2
3
0
2
0
2
1
1
0
1
1
0
1
1
3
1
2
0
2
0
1
1
0
3
1
1
3
2
1
1
0
2
1
0
2
1
0
2
1
1
4
1
0
2
2
1
2
0
2
1
1
0
1
1
3
1
3
1
3
2
1
1
3
0
1
4
0
2
2
5
0
1
0
1
2
0
1
1
3
1
0
2
0
0
2
2
2
3
3
0
3
1
0
2
4
2
1
1
2
2
2
2
0
1
0
0
0
1
1
0
0
3
4
6
3
0
2
2
1
1
2
2
0
1
2
1
3
0
2
2
3
0
1
0
2
2
0
0
2
2
3
0
1
0
5
2
2
0
0
1
1
0
1
1
2
1
1
0
1
2
$ENER_FIT:
0 1
$ENER_DATA:
0
