$SPEC_REM:
PSpect
ID: 
C:\Documents and Settings\Administrator\Desktop\Background.spe
$DATE_MEA:
07/02/2020 16:36:52
$MEAS_TIM:
2849506 2849873
$DATA:
0 4095
0
0
1
0
0
0
0
1
0
0
0
2
1
0
1
1
1
0
2
2
1
8
18
66
265
878
2661
6128
11366
18749
26722
35556
43379
51147
57524
63474
68796
73392
78907
81409
86339
89196
92904
94179
64996
60621
79799
106118
135267
147918
135336
117843
106465
102022
101281
103772
106880
110619
116048
120885
122519
128481
130132
133025
133253
135751
135084
136536
136200
137664
139626
139319
141858
140573
142938
143507
143986
146941
147820
149524
149571
151100
152031
154583
153659
156460
157704
158080
159134
160949
161237
162889
162047
165122
165256
165078
165868
168880
167085
168838
165877
166412
169336
167795
167005
166127
166244
164933
164060
164341
163803
164288
163173
163388
161845
161262
159205
161291
160160
158990
158705
158971
157510
156134
154758
154787
154241
152430
151313
152331
150723
149802
147296
146879
148894
147040
146264
144308
143691
143201
141505
140913
141012
140556
138248
139294
137905
137436
134873
135676
134945
133716
133114
132140
129955
130556
128596
128650
127454
126828
125784
126128
123532
124085
121372
121610
121847
119882
119928
118938
118122
117163
114051
115148
114750
113829
112080
111542
110722
109753
107348
107381
107009
105475
105271
103658
102718
102148
100300
100521
100277
97576
97966
98184
96096
94990
93520
92918
93265
91989
91492
90361
89866
88971
86943
87175
86128
85822
84055
82938
83748
82326
80580
80909
79455
79522
79003
77788
77031
76841
74992
74512
74665
73789
72131
73039
71798
71019
69716
69780
68732
68396
68224
67714
67344
66656
65669
65248
65082
64139
64234
63445
62664
62306
61320
61691
61286
61184
60269
59998
59713
58937
57992
57853
57333
56835
55599
55775
55155
54191
53684
53669
53181
52418
51521
51752
51580
50901
50635
50353
49632
49292
49009
48557
48360
48215
47471
47723
47327
46842
46821
45689
45944
45696
44657
44639
44360
43795
43700
43356
42270
42535
41635
41650
41630
40343
41197
40072
40213
39721
39072
38696
38986
38362
37674
37907
37714
37614
37014
37296
37178
36993
37209
37195
37606
37328
37465
37832
37825
37255
37719
37270
36314
36218
34677
34407
33243
32473
32094
30946
30323
29668
28727
28170
28064
28057
27093
26765
26288
26377
25896
25742
25415
25134
25196
24642
24517
24294
24059
24432
24285
23641
23598
23470
23184
23239
22981
22833
22681
22619
22710
22164
22354
21941
21842
21707
21430
21556
21374
21183
20824
21081
20392
20600
20530
20347
20141
19801
19782
19710
19116
19421
19292
18972
18941
19049
18817
18775
18772
18825
18765
18973
19118
19010
18750
18936
18873
18474
18445
18211
18020
18008
17555
17525
17021
17092
16806
16487
16266
16458
16036
15752
15749
15877
15371
15422
15204
15498
15032
15267
14703
14683
14938
14683
14729
14899
14359
14471
14356
14078
14332
14057
14224
14103
14124
14234
14259
14100
13977
13798
14175
13958
13844
13772
13537
13732
13713
13615
13260
13760
13655
13795
13584
13516
13339
13569
13624
13444
13490
13130
13136
13048
13070
13273
13181
13430
13343
13049
13080
13469
13236
13484
13229
13106
12788
12675
12683
12325
12078
11934
11714
11293
11035
10799
10657
10775
10564
10454
10393
10313
10337
10293
10031
9934
9980
10025
9789
9999
9862
9923
9802
9662
9716
9537
9717
9710
9659
9463
9337
9393
9427
9377
9415
9301
9126
9322
9060
9271
9282
9228
9226
9131
9173
8962
8965
8940
8751
8940
8830
8835
8809
8797
8646
8754
8718
8539
8573
8499
8610
8601
8637
8617
8488
8288
8294
8506
8538
8366
8321
8337
8221
8187
8365
8160
8475
8037
7971
8104
8030
7883
8015
8010
7711
7770
7624
7777
7753
7638
7573
7632
7720
7706
7525
7475
7492
7556
7703
7568
7632
7383
7319
7350
7408
7414
7448
7552
7409
7326
7363
7237
7299
7397
7179
7378
7372
7270
7294
7248
7169
6964
7040
7121
7071
6920
7004
6996
7129
6802
6874
6945
6968
6825
6766
6888
6844
6936
6821
6894
6897
6822
6669
6775
6785
6816
6747
6745
6781
6670
6619
6705
6549
6468
6540
6405
6544
6274
6309
6314
6508
6328
6361
6249
6442
6184
6304
6241
6230
6437
6251
6302
6426
6249
5955
6323
6303
6193
6035
6131
6226
6073
5953
6032
6078
6079
6004
6033
5857
6004
5834
5879
5988
5970
5868
6114
6151
5961
5928
6077
6196
6267
6230
6250
6126
6311
6090
6157
6247
6283
6044
6165
6052
5899
5852
5852
5817
5769
5688
5624
5691
5634
5631
5612
5599
5646
5466
5523
5493
5391
5420
5455
5382
5570
5476
5408
5318
5592
5405
5245
5319
5449
5070
5328
5225
5438
5223
5287
5317
5269
5265
5176
5266
5321
5217
5293
5223
5147
5188
5189
5234
5178
5235
5116
5241
5105
5220
5088
5142
5153
5257
5024
5105
5122
5123
5177
5020
5058
4939
4953
4969
5069
5066
4912
4988
4983
4948
5038
5009
5039
5051
5046
5108
4974
5153
5317
5323
5390
5420
5364
5424
5498
5387
5572
5517
5470
5392
5479
5296
5382
5157
5207
5139
4984
5001
4982
4979
4745
4840
4722
4694
4658
4624
4645
4575
4601
4805
4670
4747
4649
4793
4844
4890
5057
5035
5079
5132
5123
5149
5192
5156
5253
5031
5089
4817
4755
4686
4624
4585
4410
4471
4474
4242
4241
4264
4199
4110
4129
4089
4260
4060
4103
4190
4024
3997
4059
3870
4043
4026
3940
3936
4076
3946
3993
3843
4029
4007
3987
4022
4060
3934
3933
3965
3954
3881
3841
3916
3893
3837
3941
3942
3915
3900
3915
3888
3861
3777
3948
3798
3967
3736
3863
3899
3844
3966
3926
3736
3798
3689
3878
3829
3730
3835
3761
3734
3770
3903
3630
3638
3727
3767
3742
3720
3839
3853
3825
3726
3703
3718
3744
3627
3693
3671
3624
3698
3724
3635
3704
3640
3645
3723
3657
3671
3510
3689
3615
3512
3589
3547
3561
3663
3696
3565
3523
3599
3582
3521
3507
3692
3619
3637
3527
3611
3645
3555
3531
3487
3508
3500
3566
3410
3570
3463
3368
3529
3433
3574
3568
3487
3438
3341
3395
3550
3538
3442
3498
3460
3551
3497
3430
3486
3417
3414
3523
3494
3524
3556
3495
3355
3480
3558
3439
3373
3322
3451
3404
3359
3344
3397
3268
3283
3344
3237
3319
3316
3328
3340
3283
3293
3272
3354
3350
3269
3186
3349
3154
3204
3314
3237
3362
3226
3314
3192
3350
3198
3196
3210
3121
3201
3205
3205
3214
3208
3277
3270
3214
3212
3128
3300
3170
3134
3271
3366
3322
3357
3322
3266
3338
3313
3313
3254
3354
3388
3462
3449
3421
3442
3425
3424
3406
3504
3461
3324
3221
3279
3096
3227
3094
3134
3071
3019
3048
3021
3139
2959
2979
2859
2927
2907
2897
2915
2932
2901
2961
2888
2893
2923
2959
2878
2884
2853
2867
2802
2912
2779
2844
2811
2774
2793
2832
2718
2820
2808
2756
2742
2846
2884
2794
2801
2747
2725
2719
2812
2767
2804
2791
2769
2680
2748
2718
2790
2761
2836
2792
2698
2815
2821
2892
2770
2775
2742
2759
2721
2598
2795
2649
2702
2710
2715
2753
2797
2693
2722
2682
2635
2710
2624
2757
2581
2747
2731
2715
2725
2676
2648
2834
2705
2780
2827
2706
2698
2757
2739
2678
2707
2778
2726
2707
2775
2844
2780
2829
2762
2766
2811
2727
2786
2664
2785
2657
2709
2750
2670
2621
2681
2619
2744
2595
2563
2591
2593
2491
2476
2598
2468
2594
2600
2535
2524
2524
2518
2538
2526
2484
2561
2551
2528
2488
2549
2446
2429
2466
2450
2535
2544
2569
2516
2488
2562
2636
2498
2553
2633
2626
2559
2606
2659
2660
2776
2730
2806
2712
2733
2667
2610
2790
2609
2654
2693
2736
2459
2521
2435
2477
2473
2368
2349
2351
2352
2365
2519
2314
2321
2266
2363
2315
2280
2308
2299
2328
2294
2265
2433
2296
2215
2246
2328
2286
2159
2268
2357
2265
2191
2321
2274
2269
2248
2243
2292
2233
2214
2291
2203
2239
2219
2228
2249
2258
2175
2270
2296
2341
2356
2368
2321
2477
2480
2397
2508
2509
2524
2522
2583
2623
2612
2592
2554
2536
2568
2532
2484
2343
2360
2290
2195
2171
2180
2097
2155
2086
2068
2022
1994
1886
1923
1874
1906
1929
1808
1894
1839
1818
1872
1815
1836
1780
1745
1763
1827
1780
1735
1750
1810
1816
1712
1803
1752
1727
1761
1726
1645
1745
1773
1751
1731
1710
1743
1733
1720
1739
1736
1728
1728
1715
1684
1665
1736
1772
1701
1692
1656
1691
1719
1727
1646
1648
1685
1644
1695
1727
1681
1689
1581
1688
1699
1718
1675
1622
1697
1620
1657
1645
1709
1662
1596
1677
1631
1743
1691
1622
1596
1667
1686
1737
1646
1691
1663
1619
1603
1630
1705
1629
1700
1639
1636
1610
1607
1610
1623
1646
1647
1621
1676
1652
1644
1611
1633
1628
1637
1669
1639
1571
1559
1694
1614
1600
1584
1676
1663
1571
1581
1552
1683
1660
1715
1651
1633
1703
1642
1655
1759
1710
1693
1751
1743
1708
1657
1716
1781
1834
1791
1939
1782
1847
1853
1880
1852
1883
1817
1874
1834
1780
1798
1801
1782
1771
1621
1704
1665
1651
1664
1617
1686
1647
1725
1570
1643
1751
1658
1619
1679
1656
1643
1706
1796
1816
1733
1822
1899
1827
1814
1838
1837
1773
1722
1791
1728
1752
1774
1732
1651
1602
1682
1679
1595
1643
1481
1522
1462
1499
1409
1434
1419
1485
1504
1409
1350
1349
1376
1305
1343
1406
1269
1311
1345
1291
1291
1245
1335
1291
1281
1269
1282
1329
1290
1257
1300
1234
1298
1297
1303
1224
1225
1276
1334
1295
1329
1300
1335
1305
1346
1338
1373
1356
1404
1406
1464
1557
1518
1518
1616
1633
1688
1888
1840
1928
2002
2118
2174
2191
2232
2219
2236
2198
2187
2141
2168
2052
2013
1889
1862
1714
1695
1600
1569
1475
1388
1336
1270
1271
1205
1221
1147
1104
1103
1039
1039
1040
1016
999
959
976
986
1001
953
937
953
853
904
913
930
926
898
930
898
937
900
894
873
824
919
922
848
913
873
878
878
880
837
918
827
803
844
806
835
848
858
834
809
800
816
801
781
817
793
819
794
772
798
806
755
858
775
776
790
799
813
774
813
742
735
828
783
741
734
724
734
691
722
717
689
684
680
677
690
672
707
700
632
659
667
594
658
683
629
584
628
650
612
623
688
641
624
665
609
595
593
609
616
618
617
601
612
638
607
590
603
615
620
658
623
619
581
648
582
627
599
616
619
615
654
623
650
632
583
577
643
613
621
623
622
596
566
584
626
628
672
632
648
634
620
621
629
603
609
617
642
581
656
566
591
604
659
634
583
613
675
636
623
625
756
680
676
660
726
727
804
792
816
857
823
889
945
1021
1058
1154
1222
1193
1241
1280
1409
1402
1429
1411
1458
1474
1446
1432
1301
1312
1286
1157
1168
1101
1012
976
854
815
826
737
748
694
652
628
628
588
574
531
552
577
521
546
540
478
476
505
519
465
484
449
437
461
478
464
491
458
424
445
447
456
405
455
463
467
411
423
428
442
442
464
440
469
418
436
477
471
452
456
437
450
427
438
429
433
407
459
477
393
434
441
472
493
479
476
457
491
472
444
483
502
543
494
559
571
603
605
655
643
642
626
659
687
698
727
711
688
696
711
712
691
656
639
613
610
571
581
542
539
496
495
475
466
440
437
422
408
414
451
405
434
385
440
363
444
402
395
365
372
385
404
402
421
389
368
393
417
396
419
423
419
436
411
433
466
423
464
469
509
519
518
477
556
570
608
657
664
755
723
784
832
858
917
932
927
976
984
927
970
855
920
893
758
759
727
696
635
590
560
520
489
491
451
446
410
417
328
371
359
353
283
315
315
315
281
265
291
273
295
283
255
250
260
255
254
249
264
231
241
270
239
236
265
232
232
238
244
226
246
254
241
235
249
265
244
233
238
222
245
218
223
248
229
222
234
220
249
235
215
227
248
234
227
237
212
220
202
206
227
218
237
202
236
209
215
210
225
225
230
226
192
216
203
212
181
226
209
228
204
192
195
205
212
229
207
191
227
210
187
205
214
209
180
192
194
178
199
211
201
184
209
193
176
183
176
205
188
207
185
173
185
170
209
191
165
189
177
213
206
212
197
191
199
169
173
223
233
193
217
208
214
198
237
201
240
256
230
259
246
281
268
289
343
356
355
405
341
375
400
393
392
408
384
432
403
403
367
357
380
340
355
328
302
305
262
234
236
234
239
219
220
221
200
208
202
193
200
185
153
204
204
179
160
172
166
162
169
184
174
202
177
202
183
173
172
177
186
173
166
162
190
165
186
151
151
160
177
154
188
170
160
131
153
146
193
157
147
167
155
116
166
137
158
153
160
186
145
141
156
171
147
166
149
149
145
132
152
148
135
150
176
149
149
174
152
153
150
139
163
163
129
146
173
157
131
141
148
132
135
138
148
135
127
138
155
118
145
126
158
145
118
157
110
134
116
169
143
146
151
125
138
136
155
144
149
142
148
132
140
150
149
154
137
138
115
148
118
122
139
143
134
120
137
138
150
159
138
147
115
157
134
131
142
145
130
157
139
146
126
136
143
146
152
128
139
165
159
146
149
141
150
128
142
140
155
142
147
159
147
134
165
143
143
129
144
171
139
138
120
121
144
147
148
129
146
139
146
134
160
141
139
138
129
130
153
151
144
161
149
156
169
177
178
153
184
200
167
180
175
196
173
179
201
168
173
183
156
174
166
177
141
160
134
141
158
146
130
115
121
145
138
113
120
114
143
120
140
121
121
116
112
143
114
130
121
117
119
125
96
112
130
118
126
110
119
124
128
114
109
130
117
126
120
115
103
114
96
121
118
101
131
118
119
115
112
127
103
113
111
127
102
118
114
123
119
132
138
119
108
131
116
121
131
124
117
110
103
127
104
102
114
114
118
104
123
104
124
114
109
121
120
117
107
127
89
120
107
110
116
124
114
126
111
126
154
118
108
105
113
109
130
92
122
120
119
127
107
100
102
109
97
133
100
98
114
134
117
115
132
124
121
130
103
108
113
115
120
106
108
118
116
109
116
111
106
115
101
103
111
119
90
104
109
126
107
111
113
111
112
131
117
104
98
108
109
121
106
109
112
113
105
102
124
106
121
105
108
109
116
113
96
108
114
109
93
96
129
113
83
97
110
119
104
100
92
96
116
97
101
114
95
120
108
116
107
78
126
100
85
97
98
96
103
101
94
99
117
116
103
99
86
109
109
102
109
116
95
109
123
114
101
110
119
129
124
104
102
104
105
92
99
99
83
116
97
97
105
97
88
102
98
107
101
84
89
110
96
110
119
94
90
82
103
106
97
82
112
84
88
95
96
106
90
99
105
100
97
117
100
104
75
93
87
100
85
101
119
106
94
74
88
101
80
100
94
94
99
102
107
92
96
95
95
83
107
84
82
93
105
113
103
88
84
81
102
80
93
95
94
102
95
100
100
100
80
96
73
95
92
91
90
86
92
89
91
93
90
92
83
96
88
84
106
93
101
108
112
87
96
109
89
93
84
102
92
92
80
89
95
90
98
104
87
88
86
86
101
111
78
94
95
95
94
101
97
107
111
87
80
102
95
99
80
107
99
85
100
99
87
91
108
78
103
94
105
90
94
97
100
87
106
88
94
89
92
117
85
93
120
99
115
83
99
105
98
108
96
104
113
92
111
107
110
109
116
110
107
112
112
120
102
113
110
108
117
117
131
137
122
123
100
114
124
120
117
110
93
113
88
133
98
113
95
98
120
96
96
98
92
110
107
96
73
94
82
103
93
112
84
110
96
101
85
87
86
105
89
95
78
87
86
82
97
88
93
90
85
87
89
73
79
91
101
92
81
78
82
75
81
86
83
92
101
91
89
89
80
97
80
89
78
80
85
80
90
79
79
90
74
85
85
85
84
87
79
102
100
88
99
109
72
81
93
80
74
77
88
91
92
87
100
97
102
83
83
84
87
75
84
95
91
95
88
91
77
91
97
97
81
104
97
105
95
95
89
93
112
109
93
98
93
98
89
93
89
81
80
75
70
82
74
89
95
88
80
85
87
76
80
94
89
96
86
72
77
101
86
77
93
81
84
100
78
72
92
82
68
86
81
96
96
85
82
87
66
81
68
86
87
80
91
65
92
85
78
85
73
85
82
73
79
85
75
72
72
90
79
86
84
80
92
70
72
78
82
89
79
85
68
78
78
69
75
76
89
69
79
88
75
66
96
65
72
96
89
78
95
72
77
61
79
73
64
92
62
84
90
80
73
91
80
60
75
93
90
69
84
74
75
69
78
79
86
73
65
88
74
76
87
87
80
62
77
80
90
98
68
91
87
77
79
83
71
71
84
74
62
87
78
86
81
61
88
79
70
74
67
76
91
81
80
85
64
76
96
69
72
105
70
75
63
89
64
79
78
80
58
74
78
72
72
65
67
70
66
68
66
74
65
82
77
83
80
72
58
62
50
64
73
72
66
77
70
71
66
81
68
74
62
59
66
66
75
67
68
55
77
66
73
39
75
66
64
67
69
52
68
67
68
55
55
51
56
47
43
47
58
40
48
55
51
47
48
42
49
56
42
31
56
38
36
46
45
46
46
38
46
41
30
38
47
37
42
39
36
32
36
38
33
37
43
36
43
33
30
30
15
34
34
35
29
36
41
38
34
41
40
37
26
38
41
30
41
40
37
28
33
45
36
35
27
35
42
56
38
40
35
27
40
38
39
27
34
29
25
34
38
36
28
44
32
32
29
46
36
37
27
41
39
32
34
27
39
28
23
32
27
27
28
21
25
43
19
30
29
41
28
21
24
25
17
30
38
19
24
30
35
20
28
24
21
34
18
31
29
27
24
30
18
28
31
22
28
26
38
29
32
17
33
34
36
32
25
27
34
33
30
30
33
27
18
29
29
21
22
24
27
22
28
28
21
23
23
26
25
25
29
30
32
33
29
29
20
26
33
31
20
23
26
26
30
22
27
35
30
30
29
26
25
20
30
34
25
29
21
24
18
36
27
23
22
24
30
24
28
32
26
31
31
28
30
19
27
28
26
30
23
39
23
33
43
27
26
39
31
40
30
29
28
35
39
38
29
31
35
26
30
29
31
34
39
36
26
26
34
32
24
37
28
33
42
41
37
40
34
43
42
38
39
39
46
39
44
38
47
43
34
42
53
40
50
54
43
57
48
75
52
66
54
60
77
85
79
75
97
98
101
102
102
107
100
104
107
90
96
109
109
111
92
83
88
92
75
60
69
68
53
53
53
53
47
36
25
38
16
44
40
36
28
18
30
26
27
25
25
26
19
29
23
18
19
20
29
19
16
28
17
20
18
17
23
18
26
16
12
22
11
25
15
20
17
19
18
19
21
14
11
16
16
19
19
12
15
17
9
13
20
16
22
20
19
17
12
16
12
11
12
11
13
14
17
11
11
18
17
15
11
10
14
16
13
12
21
14
11
14
14
8
16
8
15
5
17
17
19
22
12
19
16
14
13
13
7
16
8
4
15
12
9
19
19
17
11
16
8
16
13
11
18
7
15
11
9
14
15
14
8
12
12
13
20
10
13
14
11
20
14
11
17
14
13
19
11
8
11
12
12
12
17
16
13
18
16
16
16
15
11
11
18
19
10
9
14
18
12
7
13
13
12
8
10
12
16
11
10
14
14
12
17
9
8
16
15
14
17
10
16
19
14
16
9
10
23
8
9
12
16
16
13
18
13
14
11
14
17
15
15
11
12
10
16
15
13
10
11
12
14
16
15
12
14
13
14
12
13
12
14
15
8
12
15
9
14
17
19
15
16
15
16
18
16
8
9
17
10
13
15
9
15
9
11
12
8
14
15
13
17
18
5
15
16
14
19
10
23
9
12
12
18
18
14
9
11
9
10
10
16
9
14
17
8
12
7
12
15
10
12
8
13
17
12
11
16
10
16
17
11
9
13
8
13
7
15
7
14
10
8
16
12
16
11
12
10
9
9
14
14
12
6
13
10
16
9
13
11
15
12
7
12
8
12
13
6
14
12
15
13
12
12
13
11
13
17
11
10
13
12
10
10
11
12
13
11
10
11
16
10
14
11
14
11
9
7
9
9
12
11
15
9
13
13
9
6
11
7
10
15
12
8
10
14
11
9
12
11
6
13
14
15
14
9
18
13
9
12
6
20
9
9
13
8
9
10
8
9
13
10
12
9
11
14
13
8
16
16
8
13
14
7
8
13
9
12
19
10
15
9
10
11
10
10
15
10
16
14
9
13
15
18
13
13
12
10
13
5
8
10
16
9
5
8
16
17
9
13
14
12
12
11
14
17
23
10
9
11
6
13
15
10
12
11
13
9
16
13
9
14
11
13
10
12
17
10
18
13
9
13
11
8
9
15
8
10
11
12
12
15
20
14
22
16
14
9
6
10
19
10
8
15
8
15
8
14
8
12
16
12
9
9
17
12
13
17
16
9
17
15
10
15
10
10
14
17
10
13
14
16
13
10
5
14
14
13
12
13
13
8
11
14
6
18
15
14
10
14
14
10
9
21
10
9
6
11
15
9
21
10
7
12
17
10
9
14
11
12
10
11
9
9
14
17
9
18
16
7
10
16
8
10
14
13
9
8
16
7
13
8
15
10
9
11
8
13
8
6
12
14
6
9
$ENER_FIT:
0 1
$ENER_DATA:
0
